1 0.35911458333333335 0.8074074074074075 0.0203125 0.09259259259259259
3 0.3671875 0.44537037037037036 0.017708333333333333 0.05925925925925926
3 0.37526041666666665 0.7074074074074074 0.015104166666666667 0.07962962962962963
3 0.87890625 0.5370370370370371 0.015104166666666667 0.07222222222222222
3 0.46770833333333334 0.4361111111111111 0.014583333333333334 0.05925925925925926
3 0.6182291666666667 0.7240740740740741 0.030208333333333334 0.09074074074074075
3 0.49921875 0.5902777777777778 0.015104166666666667 0.07314814814814814
3 0.8005208333333333 0.4222222222222222 0.015625 0.06111111111111111
3 0.0515625 0.4875 0.014583333333333334 0.06018518518518518
3 0.43723958333333335 0.5370370370370371 0.013020833333333334 0.07407407407407407
3 0.90234375 0.6337962962962963 0.018229166666666668 0.07314814814814814
3 0.6700520833333333 0.44212962962962965 0.013020833333333334 0.06018518518518518
3 0.7690104166666667 0.3736111111111111 0.011979166666666667 0.058333333333333334
3 0.6200520833333333 0.37777777777777777 0.009895833333333333 0.053703703703703705
3 0.59765625 0.38657407407407407 0.013020833333333334 0.05092592592592592
3 0.5421875 0.26157407407407407 0.008333333333333333 0.04537037037037037
3 0.73046875 0.3236111111111111 0.0109375 0.04722222222222222
3 0.7403645833333333 0.3125 0.009895833333333333 0.04722222222222222
4 0.5942708333333333 0.3337962962962963 0.011458333333333333 0.049074074074074076
3 0.790625 0.6791666666666667 0.027083333333333334 0.075
3 0.75703125 0.3787037037037037 0.011979166666666667 0.05555555555555555
3 0.35260416666666666 0.33564814814814814 0.013541666666666667 0.049074074074074076
4 0.38255208333333335 0.2175925925925926 0.009895833333333333 0.03518518518518519
3 0.6401041666666667 0.5444444444444444 0.016666666666666666 0.07222222222222222
1 0.6984375 0.7796296296296297 0.019791666666666666 0.09444444444444444
4 0.59140625 0.8625 0.022395833333333334 0.10092592592592593