1 0.8770833333333333 0.9125 0.023958333333333335 0.125
0 0.5486979166666667 0.23055555555555557 0.0046875 0.007407407407407408
3 0.16302083333333334 0.6444444444444445 0.027083333333333334 0.08518518518518518
3 0.8346354166666666 0.3148148148148148 0.0203125 0.06481481481481481
3 0.20572916666666666 0.34074074074074073 0.020833333333333332 0.06111111111111111
3 0.5447916666666667 0.3282407407407407 0.023958333333333335 0.062037037037037036
3 0.17786458333333333 0.47453703703703703 0.025520833333333333 0.06759259259259259
3 0.6427083333333333 0.274537037037037 0.015625 0.058333333333333334
3 0.8223958333333333 0.4398148148148148 0.026041666666666668 0.07962962962962963
3 0.6536458333333334 0.36018518518518516 0.017708333333333333 0.06111111111111111
3 0.26328125 0.2800925925925926 0.0203125 0.05092592592592592
3 0.2953125 0.4439814814814815 0.016666666666666666 0.075
3 0.41119791666666666 0.3449074074074074 0.022395833333333334 0.062037037037037036
3 0.49166666666666664 0.2657407407407407 0.014583333333333334 0.05740740740740741
3 0.4354166666666667 0.2986111111111111 0.025 0.06018518518518518
3 0.6049479166666667 0.28888888888888886 0.015104166666666667 0.05555555555555555
4 0.48515625 0.38333333333333336 0.021354166666666667 0.040740740740740744
3 0.31223958333333335 0.29953703703703705 0.0171875 0.05648148148148148
3 0.5640625 0.2125 0.016666666666666666 0.04537037037037037
3 0.7963541666666667 0.2708333333333333 0.014583333333333334 0.062037037037037036
3 0.3421875 0.22083333333333333 0.019791666666666666 0.05092592592592592
3 0.803125 0.2675925925925926 0.010416666666666666 0.06296296296296296
4 0.2830729166666667 0.17824074074074073 0.022395833333333334 0.05092592592592592
3 0.33619791666666665 0.19166666666666668 0.009895833333333333 0.02962962962962963
3 0.33645833333333336 0.20833333333333334 0.010416666666666666 0.06111111111111111
1 0.29375 0.9282407407407407 0.021875 0.10277777777777777
4 0.7065104166666667 0.9606481481481481 0.0203125 0.03981481481481482