1 0.7348958333333333 0.8856481481481482 0.01875 0.10277777777777777
4 0.5291666666666667 0.9555555555555556 0.025 0.08518518518518518
0 0.33880208333333334 0.8916666666666667 0.008854166666666666 0.014814814814814815
3 0.7815104166666667 0.3194444444444444 0.019270833333333334 0.06296296296296296
3 0.55078125 0.43657407407407406 0.0203125 0.06759259259259259
3 0.36015625 0.33055555555555555 0.021354166666666667 0.06296296296296296
3 0.2109375 0.4078703703703704 0.025 0.07314814814814814
3 0.3640625 0.7134259259259259 0.021875 0.07314814814814814
3 0.66640625 0.6194444444444445 0.019270833333333334 0.08888888888888889
3 0.05364583333333333 0.5199074074074074 0.019791666666666666 0.07314814814814814
3 0.10625 0.6449074074074074 0.03125 0.08425925925925926
3 0.3072916666666667 0.2884259259259259 0.016666666666666666 0.05648148148148148
3 0.36015625 0.8574074074074074 0.024479166666666666 0.10925925925925926
3 0.8997395833333334 0.5175925925925926 0.022395833333333334 0.08703703703703704
4 0.3611979166666667 0.3939814814814815 0.0234375 0.06759259259259259
3 0.052083333333333336 0.725462962962963 0.041666666666666664 0.09722222222222222
3 0.6294270833333333 0.6032407407407407 0.022395833333333334 0.08425925925925926
3 0.8169270833333333 0.4263888888888889 0.0171875 0.07314814814814814
3 0.09505208333333333 0.425 0.022395833333333334 0.06666666666666667
3 0.11796875 0.4439814814814815 0.0296875 0.07314814814814814
3 0.7283854166666667 0.26944444444444443 0.0140625 0.05185185185185185
3 0.5104166666666666 0.24166666666666667 0.0125 0.04814814814814815
3 0.2671875 0.5773148148148148 0.021875 0.08611111111111111
3 0.79375 0.45185185185185184 0.013541666666666667 0.07222222222222222
4 0.19505208333333332 0.18888888888888888 0.0109375 0.03888888888888889
1 0.23151041666666666 0.9444444444444444 0.021354166666666667 0.10740740740740741