1 0.36640625 0.7527777777777778 0.021354166666666667 0.07777777777777778
4 0.56015625 0.8064814814814815 0.018229166666666668 0.08518518518518518
1 0.6388020833333333 0.7356481481481482 0.0171875 0.07685185185185185
0 0.371875 0.6953703703703704 0.00625 0.011111111111111112
3 0.38984375 0.6777777777777778 0.0203125 0.06851851851851852
3 0.6296875 0.5550925925925926 0.020833333333333332 0.062037037037037036
3 0.8184895833333333 0.5111111111111111 0.018229166666666668 0.05740740740740741
3 0.4453125 0.5236111111111111 0.016666666666666666 0.062037037037037036
3 0.7752604166666667 0.6601851851851852 0.019270833333333334 0.06666666666666667
3 0.6549479166666666 0.6902777777777778 0.0265625 0.07314814814814814
3 0.4921875 0.6023148148148149 0.013541666666666667 0.06574074074074074
3 0.29973958333333334 0.38981481481481484 0.008854166666666666 0.044444444444444446
3 0.8432291666666667 0.638425925925926 0.0125 0.06388888888888888
3 0.06380208333333333 0.47175925925925927 0.013020833333333334 0.03981481481481482
3 0.4627604166666667 0.42268518518518516 0.0109375 0.05277777777777778
3 0.4231770833333333 0.4513888888888889 0.009895833333333333 0.04722222222222222
3 0.4947916666666667 0.3013888888888889 0.008333333333333333 0.03981481481481482
3 0.7455729166666667 0.43194444444444446 0.013020833333333334 0.05277777777777778
3 0.59296875 0.40046296296296297 0.009895833333333333 0.04722222222222222
3 0.6408854166666667 0.42453703703703705 0.009895833333333333 0.04722222222222222
3 0.6776041666666667 0.33935185185185185 0.009375 0.03981481481481482
4 0.5450520833333333 0.36527777777777776 0.0109375 0.041666666666666664
3 0.61015625 0.41203703703703703 0.008854166666666666 0.044444444444444446
3 0.6989583333333333 0.38935185185185184 0.010416666666666666 0.04722222222222222
3 0.6434895833333333 0.3375 0.008854166666666666 0.03611111111111111
3 0.71171875 0.38333333333333336 0.0109375 0.044444444444444446
4 0.421875 0.8699074074074075 0.016666666666666666 0.041666666666666664
4 0.3533854166666667 0.2601851851851852 0.0078125 0.02962962962962963
1 0.9348958333333334 0.7222222222222222 0.022916666666666665 0.07592592592592592