1 0.73515625 0.9004629629629629 0.027604166666666666 0.1175925925925926
3 0.5643229166666667 0.6324074074074074 0.0171875 0.08888888888888889
3 0.88046875 0.575925925925926 0.0203125 0.08148148148148149
3 0.4322916666666667 0.37916666666666665 0.013541666666666667 0.06944444444444445
3 0.178125 0.37777777777777777 0.014583333333333334 0.06666666666666667
3 0.8203125 0.41805555555555557 0.017708333333333333 0.0712962962962963
3 0.22760416666666666 0.26666666666666666 0.017708333333333333 0.05555555555555555
3 0.36302083333333335 0.4828703703703704 0.014583333333333334 0.075
3 0.3580729166666667 0.2962962962962963 0.011979166666666667 0.05740740740740741
3 0.61640625 0.39675925925925926 0.015104166666666667 0.06574074074074074
3 0.5075520833333333 0.21712962962962962 0.018229166666666668 0.03981481481481482
3 0.3302083333333333 0.3638888888888889 0.013541666666666667 0.06666666666666667
3 0.3385416666666667 0.6087962962962963 0.017708333333333333 0.08796296296296297
3 0.58203125 0.3013888888888889 0.016145833333333335 0.05277777777777778
3 0.8692708333333333 0.6712962962962963 0.022916666666666665 0.08703703703703704
3 0.6619791666666667 0.22361111111111112 0.014583333333333334 0.04537037037037037
3 0.48333333333333334 0.26157407407407407 0.011458333333333333 0.05462962962962963
4 0.5390625 0.30462962962962964 0.016666666666666666 0.05925925925925926
3 0.78984375 0.36666666666666664 0.025520833333333333 0.06481481481481481
3 0.6815104166666667 0.22870370370370371 0.0140625 0.044444444444444446
3 0.7911458333333333 0.31805555555555554 0.013541666666666667 0.05092592592592592
3 0.46380208333333334 0.2111111111111111 0.011979166666666667 0.04814814814814815
1 0.12734375 0.9643518518518519 0.022395833333333334 0.06759259259259259
4 0.4236979166666667 0.9824074074074074 0.0234375 0.03148148148148148
4 0.20729166666666668 0.20694444444444443 0.01171875 0.04675925925925926