1 0.5481770833333334 0.7375 0.015104166666666667 0.07685185185185185
1 0.28489583333333335 0.8837962962962963 0.017708333333333333 0.07685185185185185
3 0.5611979166666666 0.4976851851851852 0.011979166666666667 0.05092592592592592
3 0.69609375 0.399537037037037 0.0109375 0.049074074074074076
3 0.21380208333333334 0.4162037037037037 0.011979166666666667 0.049074074074074076
3 0.3416666666666667 0.47175925925925927 0.0125 0.05277777777777778
3 0.3953125 0.5291666666666667 0.013541666666666667 0.05092592592592592
3 0.27005208333333336 0.4986111111111111 0.0109375 0.058333333333333334
3 0.18203125 0.48842592592592593 0.011979166666666667 0.05648148148148148
3 0.22317708333333333 0.34814814814814815 0.009895833333333333 0.040740740740740744
3 0.27578125 0.37083333333333335 0.008854166666666666 0.041666666666666664
3 0.6408854166666667 0.41712962962962963 0.0109375 0.04722222222222222
3 0.63828125 0.3111111111111111 0.011979166666666667 0.03518518518518519
3 0.3515625 0.34120370370370373 0.008333333333333333 0.03796296296296296
3 0.5268229166666667 0.34074074074074073 0.009895833333333333 0.03518518518518519
3 0.48333333333333334 0.36064814814814816 0.011458333333333333 0.03981481481481482
3 0.3848958333333333 0.3638888888888889 0.009375 0.04259259259259259
3 0.39817708333333335 0.29768518518518516 0.011979166666666667 0.025
3 0.40130208333333334 0.38101851851851853 0.011979166666666667 0.04351851851851852
3 0.42473958333333334 0.2962962962962963 0.0078125 0.025925925925925925
3 0.7140625 0.31574074074074077 0.0125 0.037037037037037035
3 0.6986979166666667 0.33101851851851855 0.008854166666666666 0.03981481481481482
4 0.47317708333333336 0.34120370370370373 0.0078125 0.03796296296296296
1 0.29583333333333334 0.8893518518518518 0.017708333333333333 0.06759259259259259
3 0.721875 0.2986111111111111 0.009375 0.026851851851851852
4 0.22473958333333333 0.274537037037037 0.0078125 0.030555555555555555
1 0.14765625 0.8064814814814815 0.015104166666666667 0.05555555555555555