4 0.5528645833333333 0.7763888888888889 0.0171875 0.075
1 0.378125 0.7263888888888889 0.015625 0.07314814814814814
0 0.4044270833333333 0.6722222222222223 0.005729166666666666 0.009259259259259259
3 0.45260416666666664 0.5115740740740741 0.0125 0.05277777777777778
3 0.66875 0.6652777777777777 0.020833333333333332 0.06759259259259259
3 0.4356770833333333 0.6611111111111111 0.016145833333333335 0.06111111111111111
3 0.78125 0.5046296296296297 0.015625 0.05185185185185185
3 0.4859375 0.5935185185185186 0.017708333333333333 0.053703703703703705
3 0.6317708333333333 0.5523148148148148 0.0125 0.05648148148148148
3 0.459375 0.4527777777777778 0.015625 0.04259259259259259
3 0.82890625 0.6481481481481481 0.015104166666666667 0.06111111111111111
3 0.28020833333333334 0.4097222222222222 0.009375 0.04351851851851852
3 0.7776041666666667 0.6351851851851852 0.0125 0.06111111111111111
4 0.5205729166666667 0.37546296296296294 0.011979166666666667 0.03796296296296296
3 0.08880208333333334 0.46805555555555556 0.009895833333333333 0.04537037037037037
3 0.4669270833333333 0.3226851851851852 0.0109375 0.032407407407407406
3 0.69765625 0.43287037037037035 0.011979166666666667 0.04351851851851852
3 0.48020833333333335 0.4166666666666667 0.010416666666666666 0.04259259259259259
3 0.9755208333333333 0.4134259259259259 0.020833333333333332 0.04537037037037037
3 0.5895833333333333 0.3523148148148148 0.011458333333333333 0.030555555555555555
3 0.6263020833333334 0.4166666666666667 0.009895833333333333 0.04259259259259259
4 0.8809895833333333 0.7 0.021354166666666667 0.06851851851851852
3 0.609375 0.43472222222222223 0.009375 0.04537037037037037
3 0.6541666666666667 0.350462962962963 0.009375 0.03611111111111111
3 0.6640625 0.37777777777777777 0.013541666666666667 0.03518518518518519
3 0.6752604166666667 0.3939814814814815 0.009895833333333333 0.041666666666666664
3 0.6028645833333334 0.41203703703703703 0.0078125 0.03888888888888889
4 0.3359375 0.2833333333333333 0.007291666666666667 0.024074074074074074
1 0.6291666666666667 0.711574074074074 0.0125 0.0712962962962963