1 0.65390625 0.8907407407407407 0.027604166666666666 0.10740740740740741
0 0.39348958333333334 0.7208333333333333 0.0078125 0.012037037037037037
3 0.3190104166666667 0.5268518518518519 0.025520833333333333 0.06851851851851852
3 0.5140625 0.24027777777777778 0.01875 0.04537037037037037
3 0.30234375 0.5962962962962963 0.030729166666666665 0.06666666666666667
3 0.14192708333333334 0.33240740740740743 0.019270833333333334 0.053703703703703705
3 0.5513020833333333 0.3912037037037037 0.016145833333333335 0.06574074074074074
3 0.13463541666666667 0.45694444444444443 0.0234375 0.06944444444444445
4 0.43776041666666665 0.35 0.0234375 0.06111111111111111
3 0.39479166666666665 0.45925925925925926 0.020833333333333332 0.07407407407407407
3 0.7731770833333333 0.3972222222222222 0.016145833333333335 0.07222222222222222
3 0.67890625 0.6069444444444444 0.0203125 0.06574074074074074
3 0.7015625 0.29953703703703705 0.014583333333333334 0.06388888888888888
3 0.5997395833333333 0.49583333333333335 0.0171875 0.06944444444444445
3 0.36640625 0.3282407407407407 0.021354166666666667 0.06018518518518518
3 0.81328125 0.4462962962962963 0.016145833333333335 0.07222222222222222
3 0.5026041666666666 0.6754629629629629 0.023958333333333335 0.06018518518518518
3 0.7177083333333333 0.42314814814814816 0.016666666666666666 0.07407407407407407
3 0.328125 0.24953703703703703 0.01875 0.05277777777777778
3 0.2390625 0.41574074074074074 0.020833333333333332 0.06851851851851852
3 0.6270833333333333 0.24444444444444444 0.013541666666666667 0.053703703703703705
3 0.6200520833333333 0.5282407407407408 0.0171875 0.06759259259259259
3 0.22760416666666666 0.350462962962963 0.015625 0.06574074074074074
4 0.14505208333333333 0.20185185185185187 0.022135416666666668 0.04861111111111111
4 0.35130208333333335 0.9745370370370371 0.028645833333333332 0.04722222222222222
1 0.046614583333333334 0.9675925925925926 0.036458333333333336 0.06435185185185185