1 0.5515625 0.7319444444444444 0.015625 0.07685185185185185
4 0.396875 0.8305555555555556 0.022916666666666665 0.08333333333333333
1 0.2830729166666667 0.8796296296296297 0.018229166666666668 0.07592592592592592
3 0.234375 0.5222222222222223 0.015625 0.06111111111111111
3 0.278125 0.5078703703703704 0.015625 0.058333333333333334
3 0.5044270833333333 0.5162037037037037 0.013020833333333334 0.05277777777777778
3 0.13411458333333334 0.5027777777777778 0.015104166666666667 0.05740740740740741
3 0.36328125 0.5615740740740741 0.0140625 0.058333333333333334
3 0.18255208333333334 0.45740740740740743 0.0140625 0.05185185185185185
3 0.6908854166666667 0.4300925925925926 0.0140625 0.05092592592592592
3 0.3489583333333333 0.4046296296296296 0.0125 0.04814814814814815
3 0.6044270833333333 0.4412037037037037 0.013020833333333334 0.049074074074074076
3 0.25885416666666666 0.4060185185185185 0.010416666666666666 0.04537037037037037
3 0.39609375 0.4083333333333333 0.0109375 0.05
3 0.19427083333333334 0.38842592592592595 0.0125 0.04537037037037037
3 0.3067708333333333 0.3699074074074074 0.009375 0.041666666666666664
3 0.36276041666666664 0.31851851851851853 0.0109375 0.03888888888888889
3 0.47578125 0.38842592592592595 0.011979166666666667 0.04537037037037037
3 0.684375 0.3578703703703704 0.011458333333333333 0.03981481481481482
3 0.6963541666666667 0.3236111111111111 0.0125 0.03611111111111111
3 0.50859375 0.37037037037037035 0.009895833333333333 0.04259259259259259
3 0.64609375 0.33194444444444443 0.011979166666666667 0.03611111111111111
4 0.4510416666666667 0.36898148148148147 0.013541666666666667 0.04537037037037037
3 0.6578125 0.3300925925925926 0.013541666666666667 0.03796296296296296
3 0.41458333333333336 0.3087962962962963 0.007291666666666667 0.03425925925925926
4 0.21692708333333333 0.2740740740740741 0.009895833333333333 0.02962962962962963
4 0.8182291666666667 0.25277777777777777 0.00625 0.027777777777777776
4 0.84453125 0.25972222222222224 0.0067708333333333336 0.03425925925925926
4 0.91328125 0.6611111111111111 0.0171875 0.06296296296296296
1 0.14739583333333334 0.8046296296296296 0.014583333333333334 0.05740740740740741