1 0.57265625 0.7828703703703703 0.0171875 0.09166666666666666
4 0.5177083333333333 0.887962962962963 0.020833333333333332 0.08148148148148149
4 0.26328125 0.9398148148148148 0.018229166666666668 0.06296296296296296
3 0.5528645833333333 0.5115740740740741 0.018229166666666668 0.049074074074074076
3 0.35234375 0.524074074074074 0.018229166666666668 0.05740740740740741
3 0.16145833333333334 0.48333333333333334 0.016666666666666666 0.06481481481481481
3 0.24453125 0.4847222222222222 0.0234375 0.062037037037037036
3 0.6638020833333333 0.40555555555555556 0.0171875 0.05185185185185185
3 0.721875 0.38657407407407407 0.017708333333333333 0.05462962962962963
3 0.17005208333333333 0.3907407407407407 0.013020833333333334 0.05185185185185185
3 0.35390625 0.45092592592592595 0.013020833333333334 0.06111111111111111
3 0.20859375 0.3189814814814815 0.016145833333333335 0.04537037037037037
3 0.26197916666666665 0.33611111111111114 0.011458333333333333 0.04814814814814815
3 0.5270833333333333 0.30694444444444446 0.010416666666666666 0.03796296296296296
3 0.8109375 0.29259259259259257 0.015625 0.040740740740740744
3 0.4 0.2791666666666667 0.013541666666666667 0.03425925925925926
3 0.3692708333333333 0.3560185185185185 0.0125 0.049074074074074076
3 0.37057291666666664 0.30925925925925923 0.018229166666666668 0.037037037037037035
3 0.63828125 0.2847222222222222 0.009895833333333333 0.04351851851851852
3 0.4276041666666667 0.2777777777777778 0.009375 0.03518518518518519
3 0.4440104166666667 0.3384259259259259 0.009895833333333333 0.04537037037037037
3 0.7278645833333334 0.31203703703703706 0.0109375 0.03888888888888889
3 0.3966145833333333 0.33101851851851855 0.0140625 0.04537037037037037
4 0.4671875 0.32546296296296295 0.010416666666666666 0.04537037037037037
3 0.72890625 0.2865740740740741 0.009895833333333333 0.03981481481481482
1 0.9861979166666667 0.2689814814814815 0.011979166666666667 0.058333333333333334
4 0.19765625 0.24675925925925926 0.013020833333333334 0.03611111111111111
1 0.10338541666666666 0.8574074074074074 0.019270833333333334 0.07777777777777778