4 0.8052083333333333 0.7819444444444444 0.016666666666666666 0.08611111111111111
0 0.2638020833333333 0.47314814814814815 0.005729166666666666 0.009259259259259259
3 0.39401041666666664 0.7245370370370371 0.03177083333333333 0.06944444444444445
3 0.6776041666666667 0.6421296296296296 0.020833333333333332 0.075
3 0.7838541666666666 0.5768518518518518 0.017708333333333333 0.07222222222222222
3 0.7421875 0.449537037037037 0.014583333333333334 0.058333333333333334
3 0.22916666666666666 0.5717592592592593 0.025 0.05648148148148148
3 0.19453125 0.6217592592592592 0.024479166666666666 0.05277777777777778
3 0.6864583333333333 0.5458333333333333 0.014583333333333334 0.06388888888888888
3 0.40989583333333335 0.5351851851851852 0.014583333333333334 0.06481481481481481
4 0.42890625 0.45231481481481484 0.011979166666666667 0.058333333333333334
3 0.29609375 0.4615740740740741 0.016145833333333335 0.05462962962962963
3 0.5744791666666667 0.4375 0.011458333333333333 0.06018518518518518
3 0.46770833333333334 0.4587962962962963 0.013541666666666667 0.05648148148148148
3 0.29192708333333334 0.6023148148148149 0.0203125 0.06574074074074074
3 0.76015625 0.6638888888888889 0.018229166666666668 0.07962962962962963
3 0.41171875 0.3490740740740741 0.011979166666666667 0.04814814814814815
3 0.21875 0.6532407407407408 0.019791666666666666 0.07314814814814814
3 0.5716145833333334 0.5527777777777778 0.009895833333333333 0.06296296296296296
3 0.35598958333333336 0.5884259259259259 0.018229166666666668 0.07314814814814814
3 0.10182291666666667 0.3726851851851852 0.0140625 0.03611111111111111
3 0.49322916666666666 0.287962962962963 0.007291666666666667 0.037037037037037035
3 0.3421875 0.5430555555555555 0.013541666666666667 0.06388888888888888
3 0.31536458333333334 0.6 0.019270833333333334 0.06851851851851852
1 0.9283854166666666 0.8175925925925925 0.0171875 0.09074074074074075
1 0.5578125 0.8032407407407407 0.017708333333333333 0.08796296296296297
4 0.4625 0.23287037037037037 0.014322916666666666 0.03935185185185185