4 0.4388020833333333 0.787962962962963 0.016145833333333335 0.06111111111111111
4 0.6169270833333333 0.8842592592592593 0.022395833333333334 0.08703703703703704
4 0.5802083333333333 0.899537037037037 0.01875 0.08055555555555556
0 0.7036458333333333 0.38333333333333336 0.00625 0.007407407407407408
3 0.5859375 0.5828703703703704 0.025 0.058333333333333334
3 0.41458333333333336 0.5148148148148148 0.021875 0.05925925925925926
3 0.7190104166666667 0.5347222222222222 0.018229166666666668 0.058333333333333334
3 0.7869791666666667 0.45740740740740743 0.01875 0.05185185185185185
3 0.35859375 0.4027777777777778 0.0171875 0.05185185185185185
3 0.31953125 0.4625 0.015104166666666667 0.05648148148148148
3 0.65546875 0.43472222222222223 0.016145833333333335 0.04722222222222222
3 0.4473958333333333 0.5995370370370371 0.019791666666666666 0.06018518518518518
3 0.34921875 0.5314814814814814 0.022395833333333334 0.06296296296296296
3 0.4356770833333333 0.42916666666666664 0.016145833333333335 0.05277777777777778
3 0.5020833333333333 0.4462962962962963 0.017708333333333333 0.05740740740740741
3 0.5466145833333333 0.29398148148148145 0.0140625 0.03611111111111111
3 0.5893229166666667 0.43657407407407406 0.018489583333333334 0.05092592592592592
3 0.74375 0.37962962962962965 0.017708333333333333 0.044444444444444446
3 0.7572916666666667 0.40555555555555556 0.01875 0.044444444444444446
3 0.3645833333333333 0.48518518518518516 0.015625 0.06296296296296296
3 0.8013020833333333 0.5087962962962963 0.025520833333333333 0.06018518518518518
3 0.48203125 0.31203703703703706 0.008854166666666666 0.03888888888888889
4 0.8755208333333333 0.7638888888888888 0.03125 0.07592592592592592
4 0.50546875 0.4097222222222222 0.0140625 0.03981481481481482
3 0.5828125 0.39537037037037037 0.014583333333333334 0.03518518518518519
3 0.5828125 0.4300925925925926 0.014583333333333334 0.05277777777777778
3 0.007552083333333333 0.3680555555555556 0.015104166666666667 0.05092592592592592
1 0.8208333333333333 0.8 0.028125 0.09074074074074075
4 0.42916666666666664 0.23796296296296296 0.014322916666666666 0.038425925925925926