1 0.6611979166666667 0.8865740740740741 0.022395833333333334 0.12129629629629629
4 0.6013020833333333 0.9893518518518518 0.021354166666666667 0.019444444444444445
0 0.5591145833333333 0.3226851851851852 0.0046875 0.010185185185185186
3 0.2875 0.44166666666666665 0.027083333333333334 0.06851851851851852
3 0.69453125 0.40046296296296297 0.0171875 0.062037037037037036
3 0.21041666666666667 0.5407407407407407 0.029166666666666667 0.07592592592592592
3 0.36328125 0.5407407407407407 0.0328125 0.07407407407407407
3 0.13098958333333333 0.36157407407407405 0.015104166666666667 0.062037037037037036
3 0.6966145833333334 0.24537037037037038 0.0203125 0.05925925925925926
3 0.14427083333333332 0.48009259259259257 0.015625 0.0824074074074074
3 0.4440104166666667 0.22546296296296298 0.015104166666666667 0.049074074074074076
3 0.81015625 0.36898148148148147 0.0171875 0.0712962962962963
3 0.23411458333333332 0.27037037037037037 0.0171875 0.05185185185185185
3 0.4421875 0.399537037037037 0.020833333333333332 0.0712962962962963
4 0.46822916666666664 0.3138888888888889 0.016666666666666666 0.05925925925925926
3 0.3854166666666667 0.2865740740740741 0.0125 0.06018518518518518
3 0.38385416666666666 0.2337962962962963 0.014583333333333334 0.05462962962962963
3 0.8184895833333333 0.275 0.013020833333333334 0.06111111111111111
3 0.33489583333333334 0.28379629629629627 0.0125 0.06018518518518518
3 0.30104166666666665 0.3111111111111111 0.013541666666666667 0.05740740740740741
3 0.765625 0.24305555555555555 0.015625 0.05648148148148148
3 0.29348958333333336 0.2490740740740741 0.0171875 0.053703703703703705
3 0.55625 0.2828703703703704 0.0125 0.049074074074074076
3 0.565625 0.2861111111111111 0.010416666666666666 0.053703703703703705
1 0.08229166666666667 0.9449074074074074 0.023958333333333335 0.10648148148148148
4 0.1703125 0.18611111111111112 0.0171875 0.05324074074074074