4 0.7958333333333333 0.7800925925925926 0.017708333333333333 0.08611111111111111
0 0.2671875 0.5083333333333333 0.00625 0.011111111111111112
3 0.65390625 0.5462962962962963 0.018229166666666668 0.06296296296296296
3 0.7453125 0.65 0.016666666666666666 0.07592592592592592
3 0.7315104166666667 0.4486111111111111 0.0109375 0.06018518518518518
3 0.46145833333333336 0.45555555555555555 0.0125 0.05925925925925926
3 0.6552083333333333 0.6356481481481482 0.017708333333333333 0.0712962962962963
3 0.5682291666666667 0.5509259259259259 0.014583333333333334 0.06296296296296296
3 0.5854166666666667 0.43425925925925923 0.013541666666666667 0.05740740740740741
3 0.3033854166666667 0.45787037037037037 0.016145833333333335 0.05648148148148148
3 0.41171875 0.3449074074074074 0.011979166666666667 0.049074074074074076
3 0.11067708333333333 0.3712962962962963 0.0140625 0.03888888888888889
3 0.32109375 0.6027777777777777 0.0171875 0.07222222222222222
3 0.7723958333333333 0.5736111111111111 0.0125 0.06944444444444445
3 0.3932291666666667 0.5226851851851851 0.011458333333333333 0.062037037037037036
3 0.36770833333333336 0.6861111111111111 0.01875 0.06666666666666667
3 0.36770833333333336 0.5879629629629629 0.017708333333333333 0.06666666666666667
3 0.4895833333333333 0.2861111111111111 0.008333333333333333 0.040740740740740744
3 0.234375 0.5939814814814814 0.0125 0.06388888888888888
4 0.42604166666666665 0.45231481481481484 0.009375 0.058333333333333334
3 0.3424479166666667 0.5939814814814814 0.0140625 0.0712962962962963
3 0.25755208333333335 0.600462962962963 0.019270833333333334 0.06574074074074074
3 0.36770833333333336 0.5296296296296297 0.015625 0.06481481481481481
3 0.25416666666666665 0.5745370370370371 0.01875 0.06388888888888888
1 0.9380208333333333 0.8185185185185185 0.016666666666666666 0.09259259259259259
1 0.5653645833333333 0.8046296296296296 0.0171875 0.09074074074074075
4 0.4765625 0.23287037037037037 0.009375 0.0412037037037037