4 0.7716145833333333 0.9699074074074074 0.0328125 0.05648148148148148
3 0.15026041666666667 0.43425925925925923 0.018229166666666668 0.07037037037037037
3 0.65390625 0.36018518518518516 0.015104166666666667 0.06666666666666667
3 0.12708333333333333 0.5833333333333334 0.01875 0.08333333333333333
3 0.29401041666666666 0.3425925925925926 0.0171875 0.06851851851851852
4 0.5028645833333333 0.37916666666666665 0.0296875 0.06944444444444445
3 0.7950520833333333 0.44537037037037036 0.0265625 0.07962962962962963
3 0.20859375 0.2763888888888889 0.019270833333333334 0.058333333333333334
3 0.8596354166666667 0.3143518518518518 0.019270833333333334 0.0712962962962963
3 0.3296875 0.40694444444444444 0.017708333333333333 0.07314814814814814
3 0.4765625 0.29814814814814816 0.017708333333333333 0.06296296296296296
3 0.8489583333333334 0.2689814814814815 0.016666666666666666 0.06018518518518518
3 0.6234375 0.26666666666666666 0.011458333333333333 0.05740740740740741
3 0.7005208333333334 0.26342592592592595 0.011458333333333333 0.05648148148148148
3 0.4953125 0.21342592592592594 0.014583333333333334 0.049074074074074076
3 0.38671875 0.24444444444444444 0.015104166666666667 0.053703703703703705
3 0.24817708333333333 0.24814814814814815 0.0140625 0.05555555555555555
3 0.3880208333333333 0.19490740740740742 0.015625 0.041666666666666664
3 0.18541666666666667 0.300462962962963 0.019791666666666666 0.05648148148148148
3 0.5651041666666666 0.1962962962962963 0.009375 0.04814814814814815
3 0.4265625 0.18564814814814815 0.010416666666666666 0.03981481481481482
3 0.8606770833333334 0.26342592592592595 0.0109375 0.062037037037037036
1 0.37786458333333334 0.9263888888888889 0.0203125 0.0824074074074074
1 0.9908854166666666 0.9314814814814815 0.0171875 0.1259259259259259
4 0.27682291666666664 0.1736111111111111 0.015885416666666666 0.05416666666666667
0 0.440625 0.20601851851851852 0.007291666666666667 0.0125