1 0.7015625 0.8958333333333334 0.019791666666666666 0.10277777777777777
3 0.32135416666666666 0.538425925925926 0.034375 0.08611111111111111
3 0.5682291666666667 0.4152777777777778 0.023958333333333335 0.06944444444444445
3 0.37447916666666664 0.8976851851851851 0.021875 0.09722222222222222
3 0.20390625 0.38287037037037036 0.019270833333333334 0.0712962962962963
3 0.08046875 0.5050925925925925 0.0234375 0.0787037037037037
3 0.1515625 0.6814814814814815 0.036458333333333336 0.09814814814814815
3 0.5041666666666667 0.6842592592592592 0.041666666666666664 0.08333333333333333
3 0.12161458333333333 0.3976851851851852 0.019270833333333334 0.06944444444444445
3 0.21770833333333334 0.6101851851851852 0.027083333333333334 0.08888888888888889
3 0.3171875 0.2671296296296296 0.016666666666666666 0.05648148148148148
3 0.7044270833333334 0.25416666666666665 0.0140625 0.05462962962962963
3 0.5190104166666667 0.2351851851851852 0.0140625 0.05
3 0.7817708333333333 0.4305555555555556 0.021875 0.07037037037037037
3 0.8208333333333333 0.41435185185185186 0.021875 0.07685185185185185
3 0.7723958333333333 0.30787037037037035 0.0125 0.062037037037037036
3 0.15104166666666666 0.4222222222222222 0.017708333333333333 0.07222222222222222
3 0.8895833333333333 0.4888888888888889 0.015625 0.08148148148148149
4 0.38958333333333334 0.3736111111111111 0.025 0.06944444444444445
3 0.63359375 0.5768518518518518 0.021354166666666667 0.08148148148148149
3 0.36041666666666666 0.32083333333333336 0.020833333333333332 0.058333333333333334
3 0.6440104166666667 0.5597222222222222 0.019270833333333334 0.0787037037037037
4 0.17083333333333334 0.18009259259259258 0.015625 0.04722222222222222
4 0.4708333333333333 0.9652777777777778 0.028125 0.06574074074074074
1 0.17916666666666667 0.9560185185185185 0.022916666666666665 0.08425925925925926