4 0.7921875 0.7805555555555556 0.022916666666666665 0.08703703703703704
0 0.35260416666666666 0.4444444444444444 0.00625 0.011111111111111112
3 0.62109375 0.6305555555555555 0.022395833333333334 0.07407407407407407
3 0.5940104166666667 0.549074074074074 0.018229166666666668 0.06481481481481481
3 0.30572916666666666 0.5949074074074074 0.017708333333333333 0.07314814814814814
3 0.24791666666666667 0.5791666666666667 0.019791666666666666 0.06388888888888888
3 0.7559895833333333 0.5722222222222222 0.016145833333333335 0.07037037037037037
3 0.37786458333333334 0.6703703703703704 0.022395833333333334 0.07222222222222222
3 0.11328125 0.36712962962962964 0.013020833333333334 0.04537037037037037
3 0.71328125 0.45 0.018229166666666668 0.05740740740740741
3 0.60234375 0.4356481481481482 0.013020833333333334 0.05648148148148148
3 0.46979166666666666 0.45740740740740743 0.0125 0.05555555555555555
3 0.71875 0.6375 0.016666666666666666 0.0787037037037037
3 0.33619791666666665 0.6060185185185185 0.019270833333333334 0.07314814814814814
3 0.41302083333333334 0.3449074074074074 0.0125 0.049074074074074076
3 0.3848958333333333 0.5726851851851852 0.019791666666666666 0.06018518518518518
3 0.31302083333333336 0.45416666666666666 0.014583333333333334 0.058333333333333334
3 0.27291666666666664 0.5907407407407408 0.017708333333333333 0.07037037037037037
3 0.5625 0.5481481481481482 0.010416666666666666 0.06111111111111111
3 0.3815104166666667 0.5287037037037037 0.028645833333333332 0.05740740740740741
3 0.3611979166666667 0.5856481481481481 0.022395833333333334 0.0712962962962963
4 0.428125 0.4513888888888889 0.011458333333333333 0.05648148148148148
3 0.48333333333333334 0.2884259259259259 0.007291666666666667 0.03981481481481482
3 0.38828125 0.5092592592592593 0.015104166666666667 0.053703703703703705
1 0.9401041666666666 0.8185185185185185 0.016666666666666666 0.09074074074074075
4 0.4903645833333333 0.2337962962962963 0.013541666666666667 0.0412037037037037
1 0.56640625 0.7944444444444444 0.030208333333333334 0.07731481481481481