4 0.6067708333333334 0.8638888888888889 0.021875 0.1
0 0.41640625 0.40555555555555556 0.0046875 0.011111111111111112
3 0.33619791666666665 0.42962962962962964 0.0140625 0.05740740740740741
3 0.45416666666666666 0.6810185185185185 0.013541666666666667 0.075
3 0.43255208333333334 0.49027777777777776 0.015104166666666667 0.06759259259259259
3 0.5684895833333333 0.6865740740740741 0.022395833333333334 0.08611111111111111
3 0.8799479166666667 0.5138888888888888 0.0140625 0.07037037037037037
3 0.5049479166666667 0.5356481481481481 0.0140625 0.06944444444444445
3 0.7768229166666667 0.6481481481481481 0.018229166666666668 0.07407407407407407
3 0.06875 0.4388888888888889 0.010416666666666666 0.06111111111111111
3 0.6552083333333333 0.42592592592592593 0.013541666666666667 0.05740740740740741
3 0.6627604166666666 0.5106481481481482 0.016145833333333335 0.06944444444444445
3 0.490625 0.43287037037037035 0.013541666666666667 0.06018518518518518
3 0.7984375 0.37175925925925923 0.011458333333333333 0.06018518518518518
3 0.43359375 0.30972222222222223 0.009895833333333333 0.04722222222222222
3 0.88671875 0.6226851851851852 0.015104166666666667 0.07314814814814814
3 0.82421875 0.4125 0.011979166666666667 0.06018518518518518
3 0.5747395833333333 0.40694444444444444 0.015104166666666667 0.05648148148148148
3 0.6083333333333333 0.36435185185185187 0.009375 0.05092592592592592
3 0.75078125 0.300462962962963 0.011979166666666667 0.03981481481481482
3 0.76796875 0.37083333333333335 0.008854166666666666 0.05648148148148148
3 0.7411458333333333 0.3277777777777778 0.010416666666666666 0.04814814814814815
3 0.6247395833333333 0.32592592592592595 0.0109375 0.05
3 0.5971354166666667 0.2513888888888889 0.008854166666666666 0.04351851851851852
1 0.7296875 0.7912037037037037 0.020833333333333332 0.09537037037037037
1 0.3875 0.8 0.015625 0.09814814814814815
4 0.40130208333333334 0.2199074074074074 0.01484375 0.04259259259259259