1 0.7252604166666666 0.8944444444444445 0.0234375 0.12222222222222222
3 0.19375 0.29259259259259257 0.020833333333333332 0.05925925925925926
3 0.8513020833333333 0.41064814814814815 0.0203125 0.06944444444444445
3 0.19427083333333334 0.4759259259259259 0.017708333333333333 0.08148148148148149
3 0.33229166666666665 0.25462962962962965 0.021875 0.053703703703703705
3 0.14114583333333333 0.5305555555555556 0.026041666666666668 0.07777777777777778
3 0.16744791666666667 0.40555555555555556 0.016145833333333335 0.07222222222222222
4 0.4421875 0.3527777777777778 0.022916666666666665 0.06111111111111111
3 0.42213541666666665 0.31805555555555554 0.0203125 0.06018518518518518
3 0.1953125 0.5837962962962963 0.015625 0.0787037037037037
3 0.5791666666666667 0.39305555555555555 0.014583333333333334 0.06574074074074074
3 0.2984375 0.28935185185185186 0.015625 0.058333333333333334
3 0.4236979166666667 0.2324074074074074 0.0140625 0.046296296296296294
3 0.38515625 0.3578703703703704 0.0171875 0.06574074074074074
3 0.8158854166666667 0.2986111111111111 0.011979166666666667 0.06388888888888888
3 0.509375 0.40324074074074073 0.03125 0.06018518518518518
3 0.5953125 0.2962962962962963 0.019791666666666666 0.05740740740740741
3 0.7252604166666666 0.26157407407407407 0.015104166666666667 0.062037037037037036
3 0.7494791666666667 0.25787037037037036 0.015625 0.058333333333333334
3 0.2596354166666667 0.24351851851851852 0.015104166666666667 0.05185185185185185
3 0.6057291666666667 0.32916666666666666 0.023958333333333335 0.05648148148148148
3 0.5184895833333333 0.3837962962962963 0.021354166666666667 0.06388888888888888
1 0.15052083333333333 0.9407407407407408 0.022916666666666665 0.11666666666666667
4 0.6434895833333333 0.9643518518518519 0.0296875 0.06759259259259259
4 0.21067708333333332 0.18287037037037038 0.01484375 0.050462962962962966