0 0.46848958333333335 0.3648148148148148 0.008854166666666666 0.011111111111111112
3 0.36770833333333336 0.43287037037037035 0.01875 0.06759259259259259
3 0.3359375 0.5847222222222223 0.017708333333333333 0.08981481481481482
3 0.5427083333333333 0.3861111111111111 0.020833333333333332 0.05740740740740741
3 0.15598958333333332 0.3680555555555556 0.0140625 0.06388888888888888
3 0.9140625 0.625 0.019791666666666666 0.08703703703703704
3 0.7755208333333333 0.40046296296296297 0.020833333333333332 0.07314814814814814
3 0.6104166666666667 0.24675925925925926 0.015625 0.05648148148148148
3 0.20807291666666666 0.24675925925925926 0.015104166666666667 0.05277777777777778
3 0.5036458333333333 0.31574074074074077 0.015625 0.05925925925925926
3 0.9091145833333333 0.549537037037037 0.016145833333333335 0.08055555555555556
3 0.29348958333333336 0.29953703703703705 0.011979166666666667 0.06018518518518518
3 0.4453125 0.33425925925925926 0.016666666666666666 0.06111111111111111
3 0.3572916666666667 0.300462962962963 0.014583333333333334 0.05648148148148148
3 0.36041666666666666 0.3439814814814815 0.015625 0.06388888888888888
3 0.7247395833333333 0.337037037037037 0.015104166666666667 0.05925925925925926
3 0.7130208333333333 0.3800925925925926 0.01875 0.06574074074074074
4 0.5348958333333333 0.30185185185185187 0.014583333333333334 0.05925925925925926
3 0.5002604166666667 0.22407407407407406 0.009895833333333333 0.044444444444444446
3 0.5575520833333333 0.19722222222222222 0.011979166666666667 0.04814814814814815
3 0.40520833333333334 0.20787037037037037 0.0125 0.05092592592592592
4 0.16640625 0.2023148148148148 0.009895833333333333 0.04537037037037037
3 0.5622395833333333 0.5282407407407408 0.025520833333333333 0.06388888888888888
3 0.40572916666666664 0.2212962962962963 0.008333333333333333 0.024074074074074074
1 0.671875 0.8828703703703704 0.026041666666666668 0.1175925925925926
1 0.049479166666666664 0.9675925925925926 0.023958333333333335 0.06111111111111111
4 0.3515625 0.9791666666666666 0.026041666666666668 0.03981481481481482