4 0.6559895833333333 0.8513888888888889 0.021354166666666667 0.06388888888888888
3 0.5989583333333334 0.5 0.029166666666666667 0.05740740740740741
3 0.32708333333333334 0.48842592592592593 0.0125 0.062037037037037036
3 0.39817708333333335 0.6050925925925926 0.022395833333333334 0.06574074074074074
3 0.35078125 0.5675925925925925 0.015104166666666667 0.07037037037037037
3 0.7361979166666667 0.5430555555555555 0.013020833333333334 0.07314814814814814
3 0.7916666666666666 0.5069444444444444 0.013541666666666667 0.06574074074074074
3 0.7541666666666667 0.4203703703703704 0.016666666666666666 0.05555555555555555
3 0.36328125 0.4273148148148148 0.009895833333333333 0.05462962962962963
3 0.5104166666666666 0.6236111111111111 0.015625 0.06759259259259259
3 0.5268229166666667 0.28935185185185186 0.011979166666666667 0.03611111111111111
3 0.6744791666666666 0.48148148148148145 0.010416666666666666 0.05185185185185185
3 0.5533854166666666 0.49953703703703706 0.0234375 0.05648148148148148
3 0.43828125 0.5365740740740741 0.016145833333333335 0.06759259259259259
4 0.49140625 0.42916666666666664 0.009895833333333333 0.05462962962962963
3 0.46484375 0.325 0.011979166666666667 0.04814814814814815
3 0.6268229166666667 0.5564814814814815 0.016145833333333335 0.06666666666666667
3 0.57265625 0.48148148148148145 0.021354166666666667 0.053703703703703705
3 0.7682291666666666 0.4689814814814815 0.0125 0.058333333333333334
3 0.065625 0.36527777777777776 0.011458333333333333 0.04537037037037037
3 0.5611979166666666 0.47314814814814815 0.011979166666666667 0.053703703703703705
3 0.42213541666666665 0.4787037037037037 0.016145833333333335 0.09074074074074075
4 0.47578125 0.23333333333333334 0.0078125 0.03148148148148148
3 0.4236979166666667 0.45416666666666666 0.0109375 0.041666666666666664
1 0.8778645833333333 0.8032407407407407 0.0171875 0.09166666666666666
1 0.5153645833333333 0.787962962962963 0.019270833333333334 0.06111111111111111
4 0.8380208333333333 0.7796296296296297 0.021875 0.08888888888888889