3 0.6609375 0.3574074074074074 0.022916666666666665 0.06666666666666667
3 0.3614583333333333 0.3402777777777778 0.023958333333333335 0.06388888888888888
3 0.14036458333333332 0.6157407407407407 0.022395833333333334 0.08888888888888889
3 0.19895833333333332 0.3111111111111111 0.020833333333333332 0.06111111111111111
3 0.17005208333333333 0.4462962962962963 0.022395833333333334 0.06666666666666667
3 0.5151041666666667 0.3125 0.023958333333333335 0.06388888888888888
3 0.32005208333333335 0.41898148148148145 0.018229166666666668 0.0787037037037037
3 0.8140625 0.44074074074074077 0.017708333333333333 0.07962962962962963
4 0.5216145833333333 0.3768518518518518 0.021354166666666667 0.05555555555555555
3 0.62109375 0.27361111111111114 0.016145833333333335 0.05648148148148148
3 0.6791666666666667 0.26666666666666666 0.014583333333333334 0.05555555555555555
3 0.8528645833333334 0.3162037037037037 0.015104166666666667 0.06574074074074074
3 0.4078125 0.2657407407407407 0.020833333333333332 0.05740740740740741
3 0.25833333333333336 0.28194444444444444 0.025 0.05648148148148148
3 0.48854166666666665 0.23703703703703705 0.011458333333333333 0.05555555555555555
3 0.5682291666666667 0.20879629629629629 0.009375 0.04722222222222222
3 0.34921875 0.20833333333333334 0.0140625 0.046296296296296294
3 0.82734375 0.2675925925925926 0.0171875 0.06111111111111111
3 0.359375 0.18888888888888888 0.013541666666666667 0.04259259259259259
3 0.8375 0.2652777777777778 0.011458333333333333 0.06388888888888888
3 0.24427083333333333 0.2625 0.013541666666666667 0.05092592592592592
4 0.2864583333333333 0.1712962962962963 0.013802083333333333 0.04675925925925926
1 0.35182291666666665 0.9259259259259259 0.022395833333333334 0.08703703703703704
1 0.9416666666666667 0.9203703703703704 0.026041666666666668 0.1259259259259259
4 0.7416666666666667 0.9611111111111111 0.021875 0.040740740740740744
0 0.4609375 0.21064814814814814 0.007291666666666667 0.012962962962962963