0 0.5424479166666667 0.2162037037037037 0.005729166666666666 0.008333333333333333
3 0.16354166666666667 0.4356481481481482 0.01875 0.06759259259259259
3 0.12447916666666667 0.5689814814814815 0.023958333333333335 0.08055555555555556
3 0.6575520833333334 0.3648148148148148 0.021354166666666667 0.06666666666666667
3 0.7833333333333333 0.45046296296296295 0.014583333333333334 0.0787037037037037
3 0.8721354166666667 0.32037037037037036 0.019270833333333334 0.07222222222222222
3 0.2625 0.3472222222222222 0.019791666666666666 0.06111111111111111
3 0.4544270833333333 0.2791666666666667 0.016145833333333335 0.058333333333333334
3 0.34322916666666664 0.4 0.015625 0.07592592592592592
4 0.47552083333333334 0.37824074074074077 0.013541666666666667 0.0712962962962963
3 0.2640625 0.24027777777777778 0.010416666666666666 0.05462962962962963
3 0.3966145833333333 0.23148148148148148 0.015104166666666667 0.04814814814814815
3 0.7208333333333333 0.2657407407407407 0.010416666666666666 0.05740740740740741
3 0.6375 0.2611111111111111 0.0125 0.053703703703703705
3 0.21953125 0.27175925925925926 0.0140625 0.05648148148148148
3 0.23828125 0.29074074074074074 0.013020833333333334 0.05740740740740741
3 0.52265625 0.20092592592592592 0.0203125 0.040740740740740744
3 0.8677083333333333 0.2712962962962963 0.015625 0.05925925925925926
3 0.4356770833333333 0.19814814814814816 0.009895833333333333 0.053703703703703705
3 0.5010416666666667 0.2 0.0125 0.04259259259259259
3 0.6002604166666666 0.19722222222222222 0.009895833333333333 0.03888888888888889
3 0.87890625 0.2671296296296296 0.0109375 0.06018518518518518
4 0.309375 0.17037037037037037 0.010416666666666666 0.044444444444444446
1 0.39348958333333334 0.9217592592592593 0.021354166666666667 0.09166666666666666
4 0.8122395833333333 0.9740740740740741 0.0296875 0.04814814814814815