4 0.8432291666666667 0.7805555555555556 0.029166666666666667 0.07592592592592592
4 0.6484375 0.8564814814814815 0.014583333333333334 0.06111111111111111
0 0.6252604166666667 0.4439814814814815 0.0046875 0.008333333333333333
3 0.6666666666666666 0.55 0.028125 0.053703703703703705
3 0.5481770833333334 0.6152777777777778 0.018229166666666668 0.058333333333333334
3 0.7432291666666667 0.4046296296296296 0.01875 0.046296296296296294
3 0.46927083333333336 0.32037037037037036 0.019791666666666666 0.03888888888888889
3 0.34010416666666665 0.4736111111111111 0.014583333333333334 0.05648148148148148
3 0.42604166666666665 0.5976851851851852 0.021875 0.05648148148148148
3 0.37473958333333335 0.41898148148148145 0.0140625 0.05277777777777778
3 0.4401041666666667 0.5212962962962963 0.014583333333333334 0.06481481481481481
3 0.7760416666666666 0.5337962962962963 0.022916666666666665 0.06574074074074074
3 0.35130208333333335 0.5412037037037037 0.019270833333333334 0.06018518518518518
3 0.759375 0.4449074074074074 0.01875 0.05092592592592592
3 0.05703125 0.362962962962963 0.013020833333333334 0.044444444444444446
3 0.41171875 0.4875 0.011979166666666667 0.06388888888888888
3 0.5419270833333333 0.2898148148148148 0.016145833333333335 0.03148148148148148
3 0.44583333333333336 0.4425925925925926 0.016666666666666666 0.053703703703703705
4 0.5044270833333333 0.42777777777777776 0.016145833333333335 0.05
3 0.6466145833333333 0.475 0.013020833333333334 0.05740740740740741
3 0.7919270833333333 0.48703703703703705 0.016145833333333335 0.053703703703703705
3 0.5796875 0.46944444444444444 0.020833333333333332 0.05
3 0.6484375 0.4361111111111111 0.0125 0.040740740740740744
3 0.5908854166666667 0.4462962962962963 0.015104166666666667 0.053703703703703705
3 0.5263020833333333 0.47175925925925927 0.016145833333333335 0.06018518518518518
4 0.4669270833333333 0.2310185185185185 0.008854166666666666 0.032407407407407406
1 0.49765625 0.7856481481481481 0.018229166666666668 0.06018518518518518
1 0.8653645833333333 0.799074074074074 0.0171875 0.09074074074074075