1 0.8286458333333333 0.9041666666666667 0.023958333333333335 0.12129629629629629
0 0.53046875 0.25046296296296294 0.005729166666666666 0.008333333333333333
3 0.35911458333333335 0.3060185185185185 0.0234375 0.05277777777777778
3 0.6432291666666666 0.3587962962962963 0.01875 0.06388888888888888
3 0.83984375 0.4356481481481482 0.019270833333333334 0.0787037037037037
3 0.18619791666666666 0.6472222222222223 0.0234375 0.09259259259259259
3 0.18958333333333333 0.37037037037037035 0.016666666666666666 0.07037037037037037
3 0.16875 0.4949074074074074 0.01875 0.075
3 0.46953125 0.3472222222222222 0.018229166666666668 0.06111111111111111
3 0.56328125 0.3425925925925926 0.024479166666666666 0.05
3 0.2864583333333333 0.462037037037037 0.017708333333333333 0.08148148148148149
3 0.8338541666666667 0.31203703703703706 0.014583333333333334 0.06481481481481481
3 0.61953125 0.28055555555555556 0.013020833333333334 0.05740740740740741
3 0.24505208333333334 0.2898148148148148 0.018229166666666668 0.05925925925925926
3 0.5067708333333333 0.287962962962963 0.016666666666666666 0.053703703703703705
3 0.49114583333333334 0.32546296296296295 0.019791666666666666 0.062037037037037036
3 0.78359375 0.26851851851851855 0.011979166666666667 0.06666666666666667
3 0.5265625 0.21342592592592594 0.0125 0.049074074074074076
3 0.5888020833333333 0.3101851851851852 0.0109375 0.05740740740740741
3 0.33229166666666665 0.23564814814814813 0.015625 0.05092592592592592
4 0.4453125 0.3972222222222222 0.019791666666666666 0.031018518518518518
3 0.32265625 0.21203703703703702 0.0109375 0.046296296296296294
4 0.265625 0.17685185185185184 0.011458333333333333 0.046296296296296294
3 0.4661458333333333 0.33796296296296297 0.010416666666666666 0.04259259259259259
1 0.2557291666666667 0.9259259259259259 0.022916666666666665 0.11666666666666667
4 0.6934895833333333 0.9574074074074074 0.019270833333333334 0.040740740740740744