1 0.7197916666666667 0.8847222222222222 0.026041666666666668 0.1175925925925926
3 0.36875 0.5685185185185185 0.03125 0.08518518518518518
3 0.3463541666666667 0.44675925925925924 0.017708333333333333 0.075
3 0.60390625 0.5564814814814815 0.019270833333333334 0.10555555555555556
3 0.6276041666666666 0.21851851851851853 0.015625 0.05185185185185185
3 0.3421875 0.275 0.017708333333333333 0.053703703703703705
3 0.8932291666666666 0.5555555555555556 0.016666666666666666 0.07962962962962963
3 0.18203125 0.3537037037037037 0.016145833333333335 0.06296296296296296
3 0.4473958333333333 0.33287037037037037 0.013541666666666667 0.06388888888888888
3 0.8169270833333333 0.399537037037037 0.019270833333333334 0.0712962962962963
4 0.5546875 0.2898148148148148 0.014583333333333334 0.06481481481481481
3 0.909375 0.6319444444444444 0.022916666666666665 0.08425925925925926
3 0.39088541666666665 0.33194444444444443 0.015104166666666667 0.06388888888888888
3 0.7635416666666667 0.32314814814814813 0.015625 0.06666666666666667
3 0.22526041666666666 0.23935185185185184 0.015104166666666667 0.05277777777777778
3 0.7927083333333333 0.36435185185185187 0.014583333333333334 0.06944444444444445
3 0.44036458333333334 0.25601851851851853 0.013020833333333334 0.049074074074074076
3 0.5864583333333333 0.36527777777777776 0.017708333333333333 0.06574074074074074
3 0.4817708333333333 0.2101851851851852 0.015625 0.044444444444444446
3 0.5955729166666667 0.19490740740740742 0.011979166666666667 0.04722222222222222
3 0.45260416666666664 0.20046296296296295 0.010416666666666666 0.05277777777777778
1 0.11119791666666666 0.961574074074074 0.0234375 0.07314814814814814
4 0.4075520833333333 0.9768518518518519 0.0265625 0.04259259259259259
4 0.1921875 0.2013888888888889 0.01328125 0.05
3 0.5580729166666667 0.28703703703703703 0.010677083333333334 0.06018518518518518