4 0.68984375 0.8759259259259259 0.022395833333333334 0.1037037037037037
4 0.4309895833333333 0.8083333333333333 0.018229166666666668 0.07037037037037037
0 0.5640625 0.47824074074074074 0.005208333333333333 0.010185185185185186
3 0.6713541666666667 0.6407407407407407 0.019791666666666666 0.08518518518518518
3 0.721875 0.4699074074074074 0.019791666666666666 0.06759259259259259
3 0.8947916666666667 0.5351851851851852 0.027083333333333334 0.07407407407407407
3 0.09973958333333334 0.5694444444444444 0.015104166666666667 0.07407407407407407
3 0.4505208333333333 0.7421296296296296 0.021875 0.0824074074074074
3 0.33359375 0.6620370370370371 0.0203125 0.07777777777777778
3 0.36953125 0.5023148148148148 0.0140625 0.06944444444444445
3 0.2755208333333333 0.48333333333333334 0.019791666666666666 0.06666666666666667
3 0.5950520833333334 0.5347222222222222 0.016145833333333335 0.06018518518518518
3 0.71328125 0.3263888888888889 0.016145833333333335 0.04722222222222222
3 0.15260416666666668 0.5916666666666667 0.016666666666666666 0.07222222222222222
4 0.3494791666666667 0.40879629629629627 0.017708333333333333 0.05462962962962963
3 0.7989583333333333 0.4444444444444444 0.0125 0.06296296296296296
3 0.37526041666666665 0.4097222222222222 0.013020833333333334 0.05648148148148148
3 0.4625 0.2518518518518518 0.015625 0.03333333333333333
3 0.5807291666666666 0.46435185185185185 0.015625 0.058333333333333334
3 0.23776041666666667 0.4125 0.011979166666666667 0.06018518518518518
3 0.3880208333333333 0.3050925925925926 0.010416666666666666 0.05092592592592592
3 0.22369791666666666 0.4652777777777778 0.0140625 0.06388888888888888
3 0.48151041666666666 0.3509259259259259 0.0109375 0.053703703703703705
3 0.7669270833333334 0.3476851851851852 0.013020833333333334 0.05277777777777778
4 0.36875 0.2125 0.009375 0.03796296296296296
1 0.8236979166666667 0.8180555555555555 0.022395833333333334 0.09722222222222222
4 0.9859375 0.7972222222222223 0.023958333333333335 0.09259259259259259