1 0.7393229166666667 0.7986111111111112 0.022395833333333334 0.09166666666666666
4 0.5971354166666667 0.8638888888888889 0.022395833333333334 0.1
0 0.4265625 0.3425925925925926 0.004166666666666667 0.007407407407407408
3 0.33307291666666666 0.41574074074074074 0.013020833333333334 0.05925925925925926
3 0.4786458333333333 0.662962962962963 0.01875 0.07592592592592592
3 0.790625 0.6194444444444445 0.016666666666666666 0.06666666666666667
3 0.8661458333333333 0.4930555555555556 0.015625 0.06759259259259259
3 0.5354166666666667 0.6546296296296297 0.016666666666666666 0.08148148148148149
3 0.5380208333333333 0.3925925925925926 0.011458333333333333 0.053703703703703705
3 0.49270833333333336 0.5120370370370371 0.014583333333333334 0.06481481481481481
3 0.06328125 0.42083333333333334 0.0140625 0.05648148148148148
3 0.65625 0.4930555555555556 0.014583333333333334 0.062037037037037036
3 0.6390625 0.40324074074074073 0.0125 0.05277777777777778
3 0.48333333333333334 0.4125 0.0125 0.058333333333333334
3 0.8028645833333333 0.3962962962962963 0.011979166666666667 0.05740740740740741
3 0.4309895833333333 0.29953703703703705 0.011979166666666667 0.04351851851851852
3 0.5880208333333333 0.34074074074074073 0.010416666666666666 0.04814814814814815
3 0.865625 0.6199074074074075 0.015625 0.0712962962962963
3 0.7192708333333333 0.32037037037037036 0.009375 0.044444444444444446
4 0.6203125 0.32175925925925924 0.010416666666666666 0.049074074074074076
3 0.78125 0.3597222222222222 0.0125 0.05277777777777778
3 0.7630208333333334 0.3625 0.013541666666666667 0.05462962962962963
3 0.6104166666666667 0.24166666666666667 0.009375 0.04259259259259259
3 0.725 0.2875 0.009375 0.03981481481481482
3 0.44895833333333335 0.462037037037037 0.016666666666666666 0.06296296296296296
4 0.38567708333333334 0.21851851851851853 0.008854166666666666 0.03518518518518519
1 0.38567708333333334 0.7921296296296296 0.019270833333333334 0.09351851851851851