4 0.7729166666666667 0.8981481481481481 0.022916666666666665 0.12222222222222222
3 0.84921875 0.42824074074074076 0.0265625 0.08055555555555556
3 0.1390625 0.5166666666666667 0.016666666666666666 0.08148148148148149
3 0.19010416666666666 0.6240740740740741 0.019791666666666666 0.09074074074074075
3 0.17317708333333334 0.3939814814814815 0.0203125 0.07314814814814814
3 0.4583333333333333 0.3125 0.016666666666666666 0.05277777777777778
4 0.4309895833333333 0.3824074074074074 0.025520833333333333 0.04814814814814815
3 0.8255208333333334 0.30462962962962964 0.01875 0.06666666666666667
3 0.60078125 0.2884259259259259 0.016145833333333335 0.06018518518518518
3 0.33203125 0.2949074074074074 0.013020833333333334 0.062037037037037036
3 0.24166666666666667 0.46805555555555556 0.017708333333333333 0.08055555555555556
3 0.18802083333333333 0.2949074074074074 0.015625 0.06018518518518518
3 0.6098958333333333 0.36435185185185187 0.015625 0.06388888888888888
3 0.5760416666666667 0.32685185185185184 0.013541666666666667 0.06111111111111111
3 0.46588541666666666 0.21944444444444444 0.011979166666666667 0.04814814814814815
3 0.7505208333333333 0.2638888888888889 0.013541666666666667 0.06111111111111111
3 0.765625 0.2657407407407407 0.0125 0.06111111111111111
3 0.29322916666666665 0.25462962962962965 0.0125 0.05555555555555555
3 0.2830729166666667 0.23148148148148148 0.0109375 0.053703703703703705
3 0.5046875 0.36157407407407405 0.021875 0.06388888888888888
3 0.5174479166666667 0.34629629629629627 0.021354166666666667 0.05740740740740741
3 0.5010416666666667 0.3523148148148148 0.014583333333333334 0.04537037037037037
1 0.6661458333333333 0.9643518518518519 0.025 0.06759259259259259
1 0.19921875 0.9351851851851852 0.022395833333333334 0.12037037037037036
4 0.22604166666666667 0.18333333333333332 0.0140625 0.04722222222222222