1 0.6119791666666666 0.8861111111111111 0.01875 0.1111111111111111
0 0.3346354166666667 0.5120370370370371 0.0067708333333333336 0.011111111111111112
3 0.2721354166666667 0.5712962962962963 0.030729166666666665 0.06851851851851852
3 0.3182291666666667 0.5111111111111111 0.026041666666666668 0.07962962962962963
3 0.7466145833333333 0.5962962962962963 0.03177083333333333 0.07037037037037037
3 0.11067708333333333 0.4300925925925926 0.019270833333333334 0.07314814814814814
4 0.44921875 0.3375 0.021354166666666667 0.06018518518518518
3 0.26171875 0.40046296296296297 0.0203125 0.06574074074074074
3 0.6106770833333334 0.4791666666666667 0.0265625 0.06759259259259259
3 0.7 0.42083333333333334 0.023958333333333335 0.0712962962962963
3 0.6322916666666667 0.5236111111111111 0.028125 0.06574074074074074
3 0.3997395833333333 0.4212962962962963 0.0171875 0.06851851851851852
3 0.21484375 0.3296296296296296 0.018229166666666668 0.05740740740740741
3 0.7455729166666667 0.387037037037037 0.0171875 0.07222222222222222
3 0.49557291666666664 0.2412037037037037 0.016145833333333335 0.04722222222222222
3 0.6208333333333333 0.6282407407407408 0.017708333333333333 0.075
3 0.13151041666666666 0.3055555555555556 0.0171875 0.05740740740740741
3 0.5236979166666667 0.3712962962962963 0.016145833333333335 0.06296296296296296
3 0.31536458333333334 0.23796296296296296 0.0171875 0.053703703703703705
3 0.6442708333333333 0.28888888888888886 0.013541666666666667 0.05925925925925926
3 0.5736979166666667 0.2361111111111111 0.013020833333333334 0.04814814814814815
3 0.3541666666666667 0.32916666666666666 0.025 0.05648148148148148
3 0.7734375 0.43148148148148147 0.01875 0.07592592592592592
4 0.29348958333333336 0.9787037037037037 0.0265625 0.03888888888888889
4 0.11041666666666666 0.2050925925925926 0.0203125 0.050462962962962966