1 0.58515625 0.8828703703703704 0.025520833333333333 0.11203703703703703
0 0.5338541666666666 0.5138888888888888 0.011458333333333333 0.009259259259259259
3 0.73984375 0.5930555555555556 0.027604166666666666 0.06759259259259259
3 0.3893229166666667 0.38287037037037036 0.018229166666666668 0.06388888888888888
3 0.19713541666666667 0.600462962962963 0.027604166666666666 0.08055555555555556
3 0.6268229166666667 0.5273148148148148 0.024479166666666666 0.0712962962962963
3 0.58984375 0.4476851851851852 0.0234375 0.06574074074074074
3 0.28203125 0.4888888888888889 0.019270833333333334 0.07407407407407407
3 0.26927083333333335 0.37962962962962965 0.017708333333333333 0.06666666666666667
3 0.06953125 0.40694444444444444 0.016145833333333335 0.06759259259259259
3 0.78515625 0.5893518518518519 0.0234375 0.07685185185185185
3 0.71015625 0.3680555555555556 0.015104166666666667 0.06759259259259259
3 0.19583333333333333 0.31296296296296294 0.014583333333333334 0.053703703703703705
3 0.7421875 0.4166666666666667 0.015625 0.07407407407407407
3 0.51953125 0.21944444444444444 0.011979166666666667 0.04814814814814815
3 0.5903645833333333 0.27361111111111114 0.013020833333333334 0.05648148148148148
3 0.30390625 0.2273148148148148 0.013020833333333334 0.05092592592592592
3 0.6807291666666667 0.4060185185185185 0.015625 0.06944444444444445
3 0.48333333333333334 0.34814814814814815 0.014583333333333334 0.05925925925925926
3 0.11927083333333334 0.2800925925925926 0.014583333333333334 0.05092592592592592
3 0.32864583333333336 0.32083333333333336 0.015625 0.06018518518518518
4 0.45703125 0.325 0.015104166666666667 0.05740740740740741
3 0.4713541666666667 0.2361111111111111 0.011458333333333333 0.05185185185185185
4 0.08828125 0.2064814814814815 0.0109375 0.04861111111111111
4 0.2526041666666667 0.9828703703703704 0.022916666666666665 0.032407407407407406