1 0.546875 0.7337962962962963 0.015625 0.075
4 0.28177083333333336 0.8712962962962963 0.016666666666666666 0.053703703703703705
3 0.15911458333333334 0.49953703703703706 0.016145833333333335 0.058333333333333334
3 0.53984375 0.5041666666666667 0.0171875 0.05092592592592592
3 0.26067708333333334 0.5106481481481482 0.016145833333333335 0.06018518518518518
3 0.38776041666666666 0.5435185185185185 0.011979166666666667 0.053703703703703705
3 0.40208333333333335 0.3037037037037037 0.017708333333333333 0.03333333333333333
3 0.6265625 0.425462962962963 0.011458333333333333 0.04722222222222222
3 0.7 0.4097222222222222 0.009375 0.05092592592592592
3 0.20807291666666666 0.3680555555555556 0.009895833333333333 0.04351851851851852
3 0.203125 0.43472222222222223 0.011458333333333333 0.04722222222222222
3 0.2713541666666667 0.3875 0.010416666666666666 0.04351851851851852
3 0.40130208333333334 0.39490740740740743 0.0109375 0.04722222222222222
4 0.9768229166666667 0.6555555555555556 0.019270833333333334 0.06851851851851852
3 0.31302083333333336 0.4935185185185185 0.010416666666666666 0.053703703703703705
3 0.36484375 0.38425925925925924 0.009895833333333333 0.044444444444444446
3 0.5205729166666667 0.3541666666666667 0.009895833333333333 0.03981481481481482
3 0.32916666666666666 0.3592592592592593 0.008333333333333333 0.03888888888888889
3 0.4309895833333333 0.2986111111111111 0.0109375 0.032407407407407406
3 0.6528645833333333 0.3189814814814815 0.009895833333333333 0.03981481481481482
3 0.68671875 0.30787037037037035 0.009895833333333333 0.03796296296296296
3 0.4861979166666667 0.3726851851851852 0.008854166666666666 0.04351851851851852
3 0.7005208333333334 0.33935185185185185 0.009375 0.03796296296296296
4 0.4791666666666667 0.3490740740740741 0.009375 0.037037037037037035
3 0.7041666666666667 0.325 0.0125 0.040740740740740744
1 0.14505208333333333 0.8055555555555556 0.015104166666666667 0.05555555555555555
4 0.21875 0.27824074074074073 0.011979166666666667 0.044444444444444446