4 0.7872395833333333 0.7796296296296297 0.025520833333333333 0.08333333333333333
3 0.44817708333333334 0.3384259259259259 0.015104166666666667 0.041666666666666664
3 0.6934895833333333 0.43703703703703706 0.022395833333333334 0.04814814814814815
3 0.7619791666666667 0.5615740740740741 0.016666666666666666 0.07314814814814814
3 0.6619791666666667 0.5907407407407408 0.013541666666666667 0.07037037037037037
3 0.4895833333333333 0.2902777777777778 0.013541666666666667 0.032407407407407406
3 0.384375 0.5634259259259259 0.01875 0.06574074074074074
3 0.71640625 0.4527777777777778 0.0203125 0.046296296296296294
3 0.5302083333333333 0.4791666666666667 0.014583333333333334 0.062037037037037036
3 0.30130208333333336 0.5810185185185185 0.018229166666666668 0.058333333333333334
3 0.45338541666666665 0.5347222222222222 0.0359375 0.062037037037037036
3 0.46484375 0.6236111111111111 0.019270833333333334 0.06388888888888888
3 0.34921875 0.4444444444444444 0.011979166666666667 0.05555555555555555
3 0.5625 0.5287037037037037 0.022916666666666665 0.06111111111111111
3 0.5955729166666667 0.5930555555555556 0.015104166666666667 0.0712962962962963
3 0.40651041666666665 0.4976851851851852 0.0109375 0.06018518518518518
3 0.11223958333333334 0.36666666666666664 0.0140625 0.044444444444444446
3 0.35911458333333335 0.6060185185185185 0.015104166666666667 0.07314814814814814
3 0.53046875 0.5342592592592592 0.011979166666666667 0.06111111111111111
3 0.49713541666666666 0.5351851851851852 0.021354166666666667 0.05925925925925926
4 0.44817708333333334 0.4532407407407407 0.011979166666666667 0.05648148148148148
3 0.30625 0.5435185185185185 0.015625 0.053703703703703705
4 0.51015625 0.2324074074074074 0.009895833333333333 0.03333333333333333
3 0.4440104166666667 0.5333333333333333 0.0171875 0.05925925925925926
1 0.93984375 0.8171296296296297 0.0171875 0.09166666666666666
1 0.70546875 0.8625 0.021354166666666667 0.07685185185185185
1 0.5666666666666667 0.7953703703703704 0.029427083333333333 0.09074074074074075