1 0.671875 0.7620370370370371 0.019791666666666666 0.08703703703703704
0 0.40598958333333335 0.624537037037037 0.0067708333333333336 0.010185185185185186
3 0.3658854166666667 0.6893518518518519 0.024479166666666666 0.0712962962962963
3 0.38723958333333336 0.44675925925925924 0.016145833333333335 0.05648148148148148
3 0.43072916666666666 0.5347222222222222 0.016666666666666666 0.06759259259259259
3 0.8424479166666666 0.5208333333333334 0.0171875 0.06574074074074074
3 0.6302083333333334 0.5518518518518518 0.014583333333333334 0.06666666666666667
3 0.6375 0.7125 0.028125 0.08055555555555556
3 0.48463541666666665 0.6060185185185185 0.0140625 0.07314814814814814
3 0.78046875 0.6726851851851852 0.021354166666666667 0.0712962962962963
3 0.453125 0.42962962962962964 0.011458333333333333 0.05740740740740741
3 0.31875 0.36157407407407405 0.010416666666666666 0.04722222222222222
3 0.6533854166666667 0.43333333333333335 0.011979166666666667 0.05555555555555555
3 0.7752604166666667 0.4236111111111111 0.011979166666666667 0.058333333333333334
3 0.87265625 0.6333333333333333 0.0140625 0.06666666666666667
3 0.054947916666666666 0.49027777777777776 0.016145833333333335 0.058333333333333334
3 0.5919270833333333 0.38935185185185184 0.013020833333333334 0.05092592592592592
3 0.61171875 0.3921296296296296 0.0109375 0.05462962962962963
3 0.5153645833333333 0.2796296296296296 0.009895833333333333 0.04259259259259259
4 0.9747395833333333 0.7467592592592592 0.0171875 0.08611111111111111
3 0.7 0.32731481481481484 0.011458333333333333 0.04537037037037037
3 0.73046875 0.3824074074074074 0.0140625 0.05185185185185185
4 0.5669270833333333 0.3476851851851852 0.009895833333333333 0.04722222222222222
3 0.73984375 0.37824074074074077 0.009895833333333333 0.05092592592592592
4 0.5705729166666667 0.8379629629629629 0.021354166666666667 0.09444444444444444
1 0.35520833333333335 0.7837962962962963 0.020833333333333332 0.09166666666666666
4 0.36640625 0.23657407407407408 0.01171875 0.038425925925925926