1 0.8106770833333333 0.8625 0.0171875 0.09722222222222222
4 0.6388020833333333 0.9347222222222222 0.0265625 0.12685185185185185
1 0.35546875 0.8916666666666667 0.022395833333333334 0.10925925925925926
0 0.4270833333333333 0.7578703703703704 0.008333333333333333 0.013888888888888888
3 0.37916666666666665 0.3111111111111111 0.017708333333333333 0.05555555555555555
3 0.3567708333333333 0.7398148148148148 0.03333333333333333 0.07962962962962963
3 0.6674479166666667 0.6152777777777778 0.0234375 0.075
3 0.11588541666666667 0.5162037037037037 0.018229166666666668 0.075
3 0.7333333333333333 0.6564814814814814 0.020833333333333332 0.08518518518518518
3 0.05130208333333333 0.7064814814814815 0.03697916666666667 0.08888888888888889
4 0.4 0.40879629629629627 0.01875 0.062037037037037036
3 0.1734375 0.44537037037037036 0.027083333333333334 0.06481481481481481
3 0.20494791666666667 0.4652777777777778 0.018229166666666668 0.06944444444444445
3 0.30703125 0.42407407407407405 0.019270833333333334 0.06296296296296296
3 0.5911458333333334 0.45787037037037037 0.015625 0.06574074074074074
3 0.4348958333333333 0.3476851851851852 0.015625 0.05648148148148148
3 0.42265625 0.7921296296296296 0.0203125 0.08425925925925926
3 0.9432291666666667 0.5425925925925926 0.01875 0.08333333333333333
3 0.5591145833333333 0.25787037037037036 0.016145833333333335 0.03981481481481482
3 0.8190104166666666 0.3421296296296296 0.019270833333333334 0.06018518518518518
3 0.32057291666666665 0.5930555555555556 0.0265625 0.06759259259259259
3 0.8611979166666667 0.44907407407407407 0.018229166666666668 0.07037037037037037
3 0.06979166666666667 0.638425925925926 0.027083333333333334 0.062037037037037036
3 0.7880208333333333 0.30324074074074076 0.014583333333333334 0.049074074074074076
3 0.84375 0.4842592592592593 0.017708333333333333 0.07037037037037037
4 0.29296875 0.20462962962962963 0.011979166666666667 0.03888888888888889