4 0.68359375 0.9097222222222222 0.0234375 0.08425925925925926
0 0.31328125 0.5666666666666667 0.0067708333333333336 0.009259259259259259
3 0.1734375 0.662962962962963 0.022916666666666665 0.07592592592592592
3 0.23177083333333334 0.5837962962962963 0.029166666666666667 0.06574074074074074
3 0.40598958333333335 0.7361111111111112 0.019270833333333334 0.07592592592592592
3 0.42291666666666666 0.562037037037037 0.017708333333333333 0.06481481481481481
3 0.37161458333333336 0.587037037037037 0.018229166666666668 0.06666666666666667
3 0.08203125 0.37407407407407406 0.0140625 0.03518518518518519
3 0.46588541666666666 0.462037037037037 0.0140625 0.05555555555555555
3 0.6869791666666667 0.6407407407407407 0.013541666666666667 0.07222222222222222
3 0.7846354166666667 0.575 0.011979166666666667 0.07222222222222222
3 0.6765625 0.5439814814814815 0.010416666666666666 0.06574074074074074
3 0.40338541666666666 0.35 0.0109375 0.05
3 0.7674479166666667 0.6685185185185185 0.015104166666666667 0.08333333333333333
3 0.2786458333333333 0.4615740740740741 0.014583333333333334 0.05277777777777778
3 0.5625 0.4351851851851852 0.0125 0.05925925925925926
3 0.7450520833333333 0.44583333333333336 0.015104166666666667 0.06018518518518518
4 0.4234375 0.4527777777777778 0.014583333333333334 0.05925925925925926
3 0.2950520833333333 0.5541666666666667 0.018229166666666668 0.05277777777777778
3 0.56015625 0.5541666666666667 0.009895833333333333 0.062037037037037036
3 0.21380208333333334 0.6449074074074074 0.015104166666666667 0.07314814814814814
3 0.49114583333333334 0.2898148148148148 0.008333333333333333 0.03888888888888889
3 0.19088541666666667 0.5953703703703703 0.0296875 0.06111111111111111
3 0.18776041666666668 0.562962962962963 0.013020833333333334 0.05925925925925926
4 0.4315104166666667 0.23148148148148148 0.0067708333333333336 0.02962962962962963
1 0.90703125 0.8143518518518519 0.018229166666666668 0.09166666666666666
1 0.5411458333333333 0.7907407407407407 0.017708333333333333 0.06481481481481481
4 0.8111979166666666 0.7837962962962963 0.0234375 0.08611111111111111