1 0.6385416666666667 0.6976851851851852 0.016666666666666666 0.06018518518518518
0 0.40911458333333334 0.6449074074074074 0.005729166666666666 0.008333333333333333
3 0.7325520833333333 0.49398148148148147 0.013020833333333334 0.049074074074074076
3 0.44427083333333334 0.5060185185185185 0.009375 0.04537037037037037
3 0.775 0.600925925925926 0.014583333333333334 0.046296296296296294
3 0.62890625 0.5310185185185186 0.011979166666666667 0.04722222222222222
3 0.68203125 0.6365740740740741 0.011979166666666667 0.058333333333333334
3 0.48802083333333335 0.4564814814814815 0.0125 0.03888888888888889
3 0.26328125 0.4217592592592593 0.011979166666666667 0.03796296296296296
3 0.43463541666666666 0.5583333333333333 0.013020833333333334 0.04259259259259259
3 0.44505208333333335 0.6453703703703704 0.0140625 0.05740740740740741
3 0.13515625 0.4777777777777778 0.009895833333333333 0.04259259259259259
3 0.6192708333333333 0.4550925925925926 0.011458333333333333 0.03981481481481482
3 0.9315104166666667 0.41898148148148145 0.015104166666666667 0.03981481481481482
3 0.6638020833333333 0.43425925925925923 0.013020833333333334 0.040740740740740744
3 0.6643229166666667 0.39814814814814814 0.009895833333333333 0.03518518518518519
3 0.553125 0.3736111111111111 0.010416666666666666 0.028703703703703703
3 0.6401041666666667 0.38101851851851853 0.009375 0.032407407407407406
3 0.44921875 0.3425925925925926 0.009895833333333333 0.02962962962962963
4 0.41875 0.8060185185185185 0.01875 0.03425925925925926
4 0.8390625 0.6875 0.015625 0.049074074074074076
3 0.6143229166666667 0.4148148148148148 0.009895833333333333 0.03888888888888889
4 0.434375 0.8060185185185185 0.013541666666666667 0.03425925925925926
3 0.6234375 0.42453703703703705 0.009375 0.03796296296296296
3 0.8395833333333333 0.6592592592592592 0.011458333333333333 0.05
3 0.50390625 0.4115740740740741 0.0109375 0.03981481481481482
2 0.07369791666666667 0.8050925925925926 0.016145833333333335 0.04537037037037037
4 0.3307291666666667 0.30462962962962964 0.008333333333333333 0.020370370370370372
3 0.63984375 0.3578703703703704 0.008854166666666666 0.025
4 0.50390625 0.3851851851851852 0.0078125 0.02962962962962963
4 0.5510416666666667 0.7513888888888889 0.015625 0.06574074074074074
1 0.39375 0.7060185185185185 0.015625 0.06759259259259259