1 0.7221354166666667 0.899537037037037 0.0296875 0.11944444444444445
0 0.3841145833333333 0.27685185185185185 0.0046875 0.009259259259259259
3 0.33515625 0.5898148148148148 0.018229166666666668 0.08518518518518518
3 0.6091145833333333 0.38472222222222224 0.015104166666666667 0.06759259259259259
3 0.4317708333333333 0.3611111111111111 0.014583333333333334 0.06481481481481481
3 0.875 0.5671296296296297 0.017708333333333333 0.08055555555555556
3 0.62578125 0.20879629629629629 0.016145833333333335 0.04351851851851852
3 0.571875 0.2902777777777778 0.0125 0.049074074074074076
3 0.35 0.47129629629629627 0.017708333333333333 0.07592592592592592
3 0.4703125 0.2550925925925926 0.013541666666666667 0.04722222222222222
3 0.7822916666666667 0.3287037037037037 0.014583333333333334 0.06296296296296296
3 0.34453125 0.35509259259259257 0.015104166666666667 0.062037037037037036
3 0.21119791666666668 0.25324074074074077 0.0109375 0.062037037037037036
3 0.8833333333333333 0.6550925925925926 0.025 0.08611111111111111
3 0.8151041666666666 0.4078703703703704 0.013541666666666667 0.0712962962962963
3 0.6591145833333333 0.22314814814814815 0.013020833333333334 0.044444444444444446
3 0.5875 0.6023148148148149 0.016666666666666666 0.08055555555555556
3 0.8020833333333334 0.3712962962962963 0.013541666666666667 0.06666666666666667
4 0.5416666666666666 0.30185185185185187 0.013541666666666667 0.05740740740740741
3 0.3372395833333333 0.28194444444444444 0.011979166666666667 0.05462962962962963
3 0.46640625 0.2175925925925926 0.0109375 0.044444444444444446
3 0.44635416666666666 0.21157407407407408 0.0125 0.05092592592592592
3 0.16692708333333334 0.37037037037037035 0.016145833333333335 0.06666666666666667
4 0.18802083333333333 0.2111111111111111 0.014583333333333334 0.04814814814814815
1 0.11041666666666666 0.9675925925925926 0.023958333333333335 0.06111111111111111
4 0.4075520833333333 0.9824074074074074 0.0234375 0.03148148148148148