4 0.6161458333333333 0.850462962962963 0.026041666666666668 0.08981481481481482
3 0.24947916666666667 0.55 0.015625 0.06481481481481481
3 0.775 0.5745370370370371 0.017708333333333333 0.0712962962962963
3 0.26875 0.45694444444444443 0.021875 0.05648148148148148
3 0.4044270833333333 0.600462962962963 0.0171875 0.075
3 0.5486979166666667 0.42824074074074076 0.015104166666666667 0.058333333333333334
3 0.3966145833333333 0.7337962962962963 0.022395833333333334 0.09166666666666666
3 0.7557291666666667 0.674537037037037 0.019791666666666666 0.0824074074074074
3 0.49453125 0.3023148148148148 0.013020833333333334 0.03796296296296296
3 0.44635416666666666 0.4550925925925926 0.013541666666666667 0.05648148148148148
3 0.20885416666666667 0.6703703703703704 0.021875 0.07777777777777778
3 0.5328125 0.5532407407407407 0.014583333333333334 0.06388888888888888
3 0.7361979166666667 0.44305555555555554 0.0140625 0.058333333333333334
3 0.6114583333333333 0.5356481481481481 0.010416666666666666 0.06574074074074074
3 0.3625 0.6018518518518519 0.01875 0.07592592592592592
3 0.68359375 0.6356481481481482 0.011979166666666667 0.07314814814814814
3 0.3848958333333333 0.35555555555555557 0.011458333333333333 0.05
3 0.03177083333333333 0.37546296296296294 0.013541666666666667 0.04351851851851852
3 0.13072916666666667 0.5777777777777777 0.01875 0.06296296296296296
4 0.415625 0.4532407407407407 0.009375 0.058333333333333334
3 0.19635416666666666 0.6574074074074074 0.017708333333333333 0.06481481481481481
3 0.13932291666666666 0.5430555555555555 0.018229166666666668 0.06018518518518518
3 0.13072916666666667 0.5513888888888889 0.020833333333333332 0.06018518518518518
1 0.8591145833333333 0.8018518518518518 0.0171875 0.08703703703703704
4 0.8143229166666667 0.7782407407407408 0.016145833333333335 0.08425925925925926
1 0.4979166666666667 0.8018518518518518 0.01875 0.08888888888888889
4 0.396875 0.2337962962962963 0.00859375 0.03796296296296296
0 0.3966145833333333 0.6953703703703704 0.010416666666666666 0.015277777777777777