1 0.68046875 0.8930555555555556 0.022395833333333334 0.10462962962962963
0 0.41354166666666664 0.8462962962962963 0.008333333333333333 0.014814814814814815
3 0.5692708333333333 0.40324074074074073 0.016666666666666666 0.06759259259259259
3 0.25234375 0.6268518518518519 0.0265625 0.07777777777777778
3 0.3703125 0.4935185185185185 0.022916666666666665 0.07962962962962963
3 0.46484375 0.7907407407407407 0.028645833333333332 0.09444444444444444
3 0.86171875 0.4652777777777778 0.0171875 0.08425925925925926
3 0.36953125 0.32083333333333336 0.021354166666666667 0.062037037037037036
3 0.6276041666666666 0.6518518518518519 0.030208333333333334 0.08148148148148149
3 0.1203125 0.4791666666666667 0.01875 0.075
4 0.421875 0.3574074074074074 0.023958333333333335 0.06481481481481481
3 0.7494791666666667 0.30092592592592593 0.014583333333333334 0.06481481481481481
3 0.22552083333333334 0.36342592592592593 0.020833333333333332 0.06574074074074074
3 0.3265625 0.25601851851851853 0.017708333333333333 0.058333333333333334
3 0.67421875 0.24675925925925926 0.0140625 0.05092592592592592
3 0.13880208333333333 0.3625 0.019270833333333334 0.06944444444444445
3 0.8002604166666667 0.4046296296296296 0.0140625 0.07037037037037037
3 0.5229166666666667 0.23425925925925925 0.014583333333333334 0.04814814814814815
3 0.7559895833333333 0.42407407407407405 0.0203125 0.07407407407407407
3 0.21067708333333332 0.4152777777777778 0.022395833333333334 0.0712962962962963
3 0.6333333333333333 0.549074074074074 0.01875 0.07037037037037037
3 0.6244791666666667 0.5314814814814814 0.015625 0.07962962962962963
3 0.3 0.5638888888888889 0.019791666666666666 0.07592592592592592
4 0.16588541666666667 0.18472222222222223 0.015104166666666667 0.04351851851851852
4 0.42604166666666665 0.9689814814814814 0.028125 0.06018518518518518
1 0.13359375 0.9587962962962963 0.018229166666666668 0.0787037037037037