3 0.5260416666666666 0.6759259259259259 0.021875 0.08518518518518518
3 0.46484375 0.27685185185185185 0.0171875 0.05185185185185185
3 0.8341145833333333 0.44351851851851853 0.016145833333333335 0.07592592592592592
3 0.4549479166666667 0.4125 0.0171875 0.06759259259259259
3 0.225 0.3875 0.014583333333333334 0.06759259259259259
3 0.39765625 0.6453703703703704 0.022395833333333334 0.09444444444444444
3 0.6322916666666667 0.4300925925925926 0.016666666666666666 0.06944444444444445
3 0.8825520833333333 0.5976851851851852 0.0171875 0.08055555555555556
3 0.77265625 0.3347222222222222 0.0140625 0.062037037037037036
3 0.3846354166666667 0.3726851851851852 0.0140625 0.0712962962962963
3 0.4005208333333333 0.49166666666666664 0.016666666666666666 0.07777777777777778
3 0.43307291666666664 0.32222222222222224 0.013020833333333334 0.06111111111111111
3 0.73046875 0.3375 0.025520833333333333 0.05277777777777778
3 0.31796875 0.28055555555555556 0.015104166666666667 0.05555555555555555
3 0.8622395833333333 0.675 0.0203125 0.08703703703703704
3 0.5494791666666666 0.3300925925925926 0.014583333333333334 0.05462962962962963
3 0.6682291666666667 0.2675925925925926 0.0125 0.05555555555555555
3 0.4940104166666667 0.20324074074074075 0.013020833333333334 0.05277777777777778
3 0.6283854166666667 0.2574074074074074 0.015104166666666667 0.046296296296296294
3 0.6140625 0.2310185185185185 0.011458333333333333 0.04537037037037037
4 0.5598958333333334 0.300462962962963 0.010416666666666666 0.058333333333333334
4 0.26614583333333336 0.20092592592592592 0.012239583333333333 0.04490740740740741
1 0.74296875 0.8851851851851852 0.0203125 0.10555555555555556
4 0.49244791666666665 0.9662037037037037 0.027604166666666666 0.06574074074074074
1 0.21692708333333333 0.9393518518518519 0.021354166666666667 0.11944444444444445