0 0.5106770833333333 0.41759259259259257 0.005729166666666666 0.011111111111111112
3 0.4200520833333333 0.4199074074074074 0.0171875 0.062037037037037036
3 0.6255208333333333 0.4041666666666667 0.01875 0.06759259259259259
3 0.484375 0.399537037037037 0.019791666666666666 0.06574074074074074
3 0.25078125 0.5449074074074074 0.0203125 0.06574074074074074
3 0.21927083333333333 0.2833333333333333 0.017708333333333333 0.05555555555555555
3 0.15286458333333333 0.3875 0.0171875 0.06944444444444445
3 0.7502604166666667 0.2513888888888889 0.015104166666666667 0.058333333333333334
3 0.7075520833333333 0.25462962962962965 0.016145833333333335 0.05925925925925926
3 0.37083333333333335 0.2449074074074074 0.019791666666666666 0.05092592592592592
3 0.3171875 0.33564814814814814 0.015625 0.06388888888888888
4 0.4510416666666667 0.33425925925925926 0.015625 0.06481481481481481
3 0.8158854166666667 0.28703703703703703 0.0140625 0.06296296296296296
3 0.16432291666666668 0.48009259259259257 0.013020833333333334 0.0824074074074074
3 0.825 0.3837962962962963 0.017708333333333333 0.06944444444444445
3 0.27838541666666666 0.24444444444444444 0.018229166666666668 0.046296296296296294
3 0.5841145833333333 0.287962962962963 0.015104166666666667 0.06111111111111111
3 0.14557291666666666 0.5259259259259259 0.0234375 0.06481481481481481
3 0.4315104166666667 0.2300925925925926 0.013020833333333334 0.049074074074074076
3 0.39166666666666666 0.30277777777777776 0.014583333333333334 0.06111111111111111
3 0.30416666666666664 0.2833333333333333 0.016666666666666666 0.05555555555555555
3 0.60078125 0.3074074074074074 0.011979166666666667 0.05
4 0.1921875 0.18935185185185185 0.01796875 0.03981481481481482
1 0.68984375 0.8916666666666667 0.022395833333333334 0.12222222222222222
1 0.11223958333333334 0.9435185185185185 0.0234375 0.10925925925925926
4 0.6231770833333333 0.9717592592592592 0.030729166666666665 0.05277777777777778