1 0.3984375 0.6884259259259259 0.022916666666666665 0.062037037037037036
2 0.09609375 0.8916666666666667 0.022395833333333334 0.08703703703703704
0 0.265625 0.575 0.00625 0.009259259259259259
3 0.7830729166666667 0.5888888888888889 0.016145833333333335 0.044444444444444446
3 0.6981770833333333 0.4824074074074074 0.011979166666666667 0.03888888888888889
3 0.6856770833333333 0.6143518518518518 0.0140625 0.05277777777777778
3 0.49947916666666664 0.46296296296296297 0.011458333333333333 0.03518518518518519
3 0.1625 0.4935185185185185 0.010416666666666666 0.03888888888888889
3 0.42682291666666666 0.5050925925925925 0.0109375 0.04351851851851852
3 0.24453125 0.44305555555555554 0.0109375 0.03611111111111111
3 0.4328125 0.6268518518518519 0.014583333333333334 0.05
3 0.44166666666666665 0.3648148148148148 0.008333333333333333 0.02962962962962963
3 0.40390625 0.5337962962962963 0.009895833333333333 0.03981481481481482
3 0.5182291666666666 0.4097222222222222 0.008333333333333333 0.04537037037037037
3 0.89140625 0.42407407407407405 0.013020833333333334 0.03518518518518519
3 0.66328125 0.40879629629629627 0.009895833333333333 0.032407407407407406
3 0.6205729166666667 0.48148148148148145 0.008854166666666666 0.037037037037037035
3 0.6080729166666666 0.41574074074074074 0.008854166666666666 0.03148148148148148
3 0.6361979166666667 0.5212962962962963 0.009895833333333333 0.037037037037037035
4 0.48020833333333335 0.39814814814814814 0.008333333333333333 0.03148148148148148
3 0.64140625 0.4398148148148148 0.008854166666666666 0.037037037037037035
3 0.8440104166666667 0.65 0.0109375 0.04814814814814815
3 0.6231770833333333 0.37175925925925923 0.0067708333333333336 0.026851851851851852
4 0.8315104166666667 0.6675925925925926 0.009895833333333333 0.05740740740740741
3 0.6294270833333333 0.3912037037037037 0.0078125 0.030555555555555555
3 0.6286458333333333 0.4393518518518518 0.009375 0.03611111111111111
1 0.6380208333333334 0.6828703703703703 0.010416666666666666 0.05277777777777778
4 0.42994791666666665 0.7861111111111111 0.013020833333333334 0.02962962962962963
4 0.41510416666666666 0.7865740740740741 0.016666666666666666 0.030555555555555555
4 0.08645833333333333 0.7861111111111111 0.0125 0.03888888888888889
4 0.3265625 0.32083333333333336 0.00625 0.023148148148148147
1 0.5375 0.7356481481481482 0.014583333333333334 0.062037037037037036