1 0.29192708333333334 0.7944444444444444 0.016145833333333335 0.05740740740740741
1 0.690625 0.7680555555555556 0.015625 0.07685185185185185
4 0.49895833333333334 0.8763888888888889 0.030208333333333334 0.08981481481481482
4 0.43359375 0.8916666666666667 0.0171875 0.07962962962962963
0 0.7388020833333333 0.3625 0.0046875 0.008333333333333333
3 0.5778645833333333 0.40879629629629627 0.015104166666666667 0.049074074074074076
3 0.39348958333333334 0.600462962962963 0.015104166666666667 0.06018518518518518
3 0.5338541666666666 0.5541666666666667 0.019791666666666666 0.05648148148148148
3 0.7166666666666667 0.4185185185185185 0.01875 0.046296296296296294
3 0.21536458333333333 0.4685185185185185 0.0171875 0.05555555555555555
4 0.8447916666666667 0.7291666666666666 0.036458333333333336 0.0712962962962963
3 0.32317708333333334 0.5185185185185185 0.019270833333333334 0.06111111111111111
3 0.27369791666666665 0.5375 0.016145833333333335 0.06388888888888888
3 0.2604166666666667 0.40046296296296297 0.014583333333333334 0.049074074074074076
3 0.51875 0.41759259259259257 0.015625 0.05
3 0.6752604166666667 0.5083333333333333 0.0234375 0.05740740740740741
3 0.73828125 0.4773148148148148 0.0171875 0.058333333333333334
3 0.33541666666666664 0.4287037037037037 0.017708333333333333 0.05185185185185185
3 0.6627604166666666 0.3541666666666667 0.0171875 0.03981481481481482
3 0.4125 0.43472222222222223 0.015625 0.05277777777777778
3 0.6861979166666666 0.3736111111111111 0.0171875 0.04351851851851852
3 0.4127604166666667 0.3773148148148148 0.013020833333333334 0.041666666666666664
3 0.40859375 0.31851851851851853 0.009895833333333333 0.04259259259259259
3 0.4817708333333333 0.4203703703703704 0.014583333333333334 0.05
3 0.4671875 0.30787037037037035 0.014583333333333334 0.03611111111111111
4 0.4393229166666667 0.39861111111111114 0.018229166666666668 0.04351851851851852
3 0.234375 0.4925925925925926 0.015625 0.05925925925925926
4 0.3078125 0.24768518518518517 0.009375 0.028703703703703703