4 0.5309895833333333 0.9393518518518519 0.025520833333333333 0.11388888888888889
3 0.44296875 0.6416666666666667 0.0171875 0.09074074074074075
3 0.5018229166666667 0.6675925925925926 0.022395833333333334 0.08518518518518518
3 0.6421875 0.45 0.013541666666666667 0.07037037037037037
3 0.43776041666666665 0.4962962962962963 0.015104166666666667 0.07222222222222222
3 0.46458333333333335 0.4305555555555556 0.0125 0.06851851851851852
3 0.26953125 0.39537037037037037 0.0140625 0.06666666666666667
3 0.38255208333333335 0.2898148148148148 0.0140625 0.04814814814814815
3 0.4171875 0.3837962962962963 0.013541666666666667 0.062037037037037036
3 0.8481770833333333 0.6444444444444445 0.0171875 0.07962962962962963
3 0.7776041666666667 0.35462962962962963 0.013541666666666667 0.06111111111111111
3 0.46484375 0.3425925925925926 0.011979166666666667 0.05555555555555555
3 0.8419270833333333 0.4550925925925926 0.0140625 0.06944444444444445
3 0.4947916666666667 0.29398148148148145 0.011458333333333333 0.05277777777777778
3 0.703125 0.29814814814814816 0.0125 0.053703703703703705
3 0.5703125 0.35324074074074074 0.013541666666666667 0.05462962962962963
3 0.6721354166666667 0.2587962962962963 0.011979166666666667 0.04351851851851852
3 0.7502604166666667 0.3435185185185185 0.011979166666666667 0.06111111111111111
3 0.8510416666666667 0.5893518518518519 0.017708333333333333 0.05648148148148148
3 0.65703125 0.2791666666666667 0.011979166666666667 0.049074074074074076
3 0.5307291666666667 0.20833333333333334 0.014583333333333334 0.05
4 0.5776041666666667 0.30694444444444446 0.010416666666666666 0.05462962962962963
4 0.3106770833333333 0.2037037037037037 0.0109375 0.040740740740740744
1 0.2838541666666667 0.8694444444444445 0.026041666666666668 0.10925925925925926
1 0.7369791666666666 0.8467592592592592 0.023958333333333335 0.09907407407407408