1 0.7197916666666667 0.8819444444444444 0.026041666666666668 0.10833333333333334
0 0.33229166666666665 0.31851851851851853 0.005208333333333333 0.009259259259259259
0 0.909375 0.1597222222222222 0.0125 0.023148148148148147
0 0.9427083333333334 0.15787037037037038 0.011458333333333333 0.023148148148148147
0 0.9307291666666667 0.1587962962962963 0.0125 0.023148148148148147
3 0.5932291666666667 0.5370370370370371 0.01875 0.10185185185185185
3 0.3875 0.5685185185185185 0.035416666666666666 0.08518518518518518
3 0.3572916666666667 0.43472222222222223 0.03229166666666667 0.06574074074074074
3 0.34010416666666665 0.29259259259259257 0.020833333333333332 0.05740740740740741
3 0.19557291666666668 0.35833333333333334 0.013020833333333334 0.06481481481481481
3 0.9091145833333333 0.5541666666666667 0.019270833333333334 0.07685185185185185
3 0.8138020833333334 0.3990740740740741 0.019270833333333334 0.07222222222222222
3 0.9299479166666667 0.6296296296296297 0.0265625 0.08518518518518518
3 0.5692708333333333 0.36712962962962964 0.013541666666666667 0.06388888888888888
3 0.24296875 0.24027777777777778 0.016145833333333335 0.05277777777777778
3 0.6309895833333333 0.23333333333333334 0.013020833333333334 0.053703703703703705
3 0.7552083333333334 0.33055555555555555 0.020833333333333332 0.06481481481481481
3 0.46640625 0.32592592592592595 0.016145833333333335 0.06111111111111111
3 0.41302083333333334 0.33240740740740743 0.015625 0.06481481481481481
3 0.5458333333333333 0.29953703703703705 0.0125 0.05648148148148148
3 0.5104166666666666 0.21712962962962962 0.011458333333333333 0.041666666666666664
3 0.40729166666666666 0.2777777777777778 0.011458333333333333 0.05555555555555555
4 0.56953125 0.2949074074074074 0.015104166666666667 0.058333333333333334
3 0.5950520833333334 0.19398148148148148 0.0109375 0.049074074074074076
3 0.4473958333333333 0.20462962962962963 0.010416666666666666 0.05
3 0.7661458333333333 0.37037037037037035 0.017708333333333333 0.06851851851851852
4 0.20338541666666668 0.20092592592592592 0.01328125 0.050462962962962966
4 0.40130208333333334 0.9777777777777777 0.0265625 0.040740740740740744
1 0.10442708333333334 0.9629629629629629 0.0234375 0.07037037037037037