2 0.7184895833333333 0.9092592592592592 0.09322916666666667 0.17592592592592593
3 0.63125 0.5407407407407407 0.017708333333333333 0.06111111111111111
3 0.3966145833333333 0.5657407407407408 0.0171875 0.05925925925925926
3 0.26276041666666666 0.47824074074074074 0.011979166666666667 0.05277777777777778
3 0.3697916666666667 0.3611111111111111 0.010416666666666666 0.037037037037037035
3 0.5375 0.3773148148148148 0.009375 0.041666666666666664
3 0.2986979166666667 0.4726851851851852 0.009895833333333333 0.041666666666666664
3 0.2890625 0.38287037037037036 0.009375 0.03981481481481482
3 0.5984375 0.36944444444444446 0.011458333333333333 0.03888888888888889
3 0.6705729166666666 0.3939814814814815 0.009895833333333333 0.041666666666666664
3 0.959375 0.3976851851851852 0.0125 0.04351851851851852
4 0.4942708333333333 0.42592592592592593 0.013541666666666667 0.04490740740740741
3 0.5106770833333333 0.4212962962962963 0.009895833333333333 0.044444444444444446
3 0.46432291666666664 0.37962962962962965 0.0109375 0.040740740740740744
3 0.41744791666666664 0.412962962962963 0.0109375 0.044444444444444446
3 0.23723958333333334 0.43796296296296294 0.0140625 0.05
3 0.32005208333333335 0.36712962962962964 0.0078125 0.03425925925925926
3 0.6838541666666667 0.4134259259259259 0.011458333333333333 0.04537037037037037
3 0.56328125 0.3449074074074074 0.009895833333333333 0.03425925925925926
3 0.5348958333333333 0.4564814814814815 0.027083333333333334 0.04814814814814815
3 0.5283854166666667 0.45416666666666666 0.0140625 0.041666666666666664
3 0.49114583333333334 0.412962962962963 0.012760416666666666 0.03888888888888889
3 0.24296875 0.4310185185185185 0.008854166666666666 0.041666666666666664
1 0.6981770833333333 0.7800925925925926 0.019270833333333334 0.06759259259259259
4 0.28984375 0.3314814814814815 0.0078125 0.02824074074074074