2 0.6919270833333333 0.899074074074074 0.0859375 0.19814814814814816
2 0.4627604166666667 0.9138888888888889 0.0265625 0.06111111111111111
0 0.5953125 0.5824074074074074 0.005208333333333333 0.009259259259259259
3 0.6065104166666667 0.5513888888888889 0.016145833333333335 0.06018518518518518
3 0.5005208333333333 0.5768518518518518 0.013541666666666667 0.05925925925925926
3 0.44036458333333334 0.5027777777777778 0.0140625 0.05740740740740741
3 0.16979166666666667 0.45046296296296295 0.017708333333333333 0.04537037037037037
3 0.22630208333333332 0.5347222222222222 0.0171875 0.06018518518518518
3 0.3776041666666667 0.4486111111111111 0.009375 0.04537037037037037
3 0.23125 0.4 0.0125 0.040740740740740744
3 0.46510416666666665 0.5194444444444445 0.013541666666666667 0.053703703703703705
3 0.35546875 0.4388888888888889 0.015104166666666667 0.046296296296296294
3 0.2565104166666667 0.5328703703703703 0.013020833333333334 0.04722222222222222
3 0.5369791666666667 0.44027777777777777 0.010416666666666666 0.049074074074074076
4 0.41822916666666665 0.44814814814814813 0.010416666666666666 0.044444444444444446
3 0.415625 0.38935185185185184 0.010416666666666666 0.03981481481481482
3 0.6919270833333333 0.4356481481481482 0.0109375 0.04722222222222222
3 0.66875 0.42314814814814816 0.009375 0.04259259259259259
3 0.4859375 0.3925925925925926 0.010416666666666666 0.040740740740740744
3 0.59609375 0.3736111111111111 0.011979166666666667 0.03981481481481482
3 0.21953125 0.43194444444444446 0.011979166666666667 0.04351851851851852
3 0.9268229166666667 0.39305555555555555 0.0109375 0.03981481481481482
3 0.28463541666666664 0.3726851851851852 0.008854166666666666 0.03796296296296296
4 0.953125 0.700462962962963 0.015625 0.08425925925925926
3 0.48463541666666665 0.3435185185185185 0.0109375 0.03333333333333333
3 0.26171875 0.3731481481481482 0.009895833333333333 0.03333333333333333
1 0.65625 0.7652777777777777 0.016666666666666666 0.058333333333333334
4 0.24453125 0.337037037037037 0.008333333333333333 0.032407407407407406