1 0.53515625 0.8245370370370371 0.016145833333333335 0.075
3 0.7083333333333334 0.4527777777777778 0.015625 0.044444444444444446
3 0.42682291666666666 0.46944444444444444 0.016145833333333335 0.05
3 0.25390625 0.5254629629629629 0.0203125 0.05462962962962963
3 0.34270833333333334 0.5615740740740741 0.014583333333333334 0.058333333333333334
3 0.51875 0.549537037037037 0.015625 0.06018518518518518
3 0.19401041666666666 0.4356481481481482 0.016145833333333335 0.04537037037037037
3 0.66015625 0.49027777777777776 0.011979166666666667 0.05092592592592592
3 0.3921875 0.42592592592592593 0.0125 0.04259259259259259
3 0.8364583333333333 0.5185185185185185 0.0125 0.05555555555555555
3 0.23255208333333333 0.4393518518518518 0.009895833333333333 0.04351851851851852
3 0.32083333333333336 0.4273148148148148 0.010416666666666666 0.03796296296296296
3 0.79765625 0.44537037037037036 0.009895833333333333 0.04259259259259259
3 0.290625 0.4 0.010416666666666666 0.03333333333333333
3 0.46848958333333335 0.3824074074074074 0.009895833333333333 0.03148148148148148
3 0.6942708333333333 0.3800925925925926 0.009375 0.03796296296296296
3 0.8302083333333333 0.41574074074074074 0.010416666666666666 0.04259259259259259
3 0.8911458333333333 0.4222222222222222 0.0125 0.037037037037037035
4 0.5330729166666667 0.4388888888888889 0.0109375 0.04259259259259259
3 0.5817708333333333 0.3638888888888889 0.008333333333333333 0.03518518518518519
3 0.5671875 0.41388888888888886 0.009375 0.040740740740740744
3 0.32526041666666666 0.38657407407407407 0.0078125 0.03425925925925926
3 0.5703125 0.3972222222222222 0.008333333333333333 0.037037037037037035
4 0.21484375 0.3800925925925926 0.009895833333333333 0.025
4 0.7549479166666667 0.3314814814814815 0.009895833333333333 0.02962962962962963
4 0.9825520833333333 0.3939814814814815 0.009895833333333333 0.025