2 0.840625 0.9106481481481481 0.06354166666666666 0.16944444444444445
2 0.6875 0.9032407407407408 0.07291666666666667 0.18981481481481483
2 0.4708333333333333 0.8800925925925925 0.028125 0.09907407407407408
2 0.7841145833333333 0.8101851851851852 0.0171875 0.05925925925925926
2 0.8315104166666667 0.8648148148148148 0.044270833333333336 0.07777777777777778
2 0.4546875 0.8717592592592592 0.017708333333333333 0.07314814814814814
2 0.22526041666666666 0.9578703703703704 0.07135416666666666 0.08055555555555556
0 0.6083333333333333 0.40555555555555556 0.004166666666666667 0.007407407407407408
3 0.24114583333333334 0.5152777777777777 0.017708333333333333 0.05277777777777778
3 0.5231770833333333 0.5157407407407407 0.018229166666666668 0.05185185185185185
3 0.15598958333333332 0.6597222222222222 0.022395833333333334 0.07314814814814814
3 0.58828125 0.5319444444444444 0.0140625 0.05648148148148148
3 0.14921875 0.5879629629629629 0.016145833333333335 0.05925925925925926
3 0.6674479166666667 0.46111111111111114 0.013020833333333334 0.04814814814814815
3 0.7229166666666667 0.4699074074074074 0.0125 0.049074074074074076
3 0.53515625 0.45046296296296295 0.011979166666666667 0.04351851851851852
3 0.33151041666666664 0.5430555555555555 0.015104166666666667 0.058333333333333334
3 0.16484375 0.4546296296296296 0.0109375 0.04814814814814815
3 0.4119791666666667 0.4287037037037037 0.007291666666666667 0.044444444444444446
3 0.23177083333333334 0.38796296296296295 0.007291666666666667 0.03888888888888889
3 0.43645833333333334 0.412962962962963 0.009375 0.040740740740740744
3 0.30520833333333336 0.5324074074074074 0.011458333333333333 0.05740740740740741
3 0.62265625 0.37777777777777777 0.0078125 0.037037037037037035
3 0.88046875 0.3912037037037037 0.0078125 0.03796296296296296
3 0.20677083333333332 0.38981481481481484 0.010416666666666666 0.03518518518518519
3 0.19869791666666667 0.4185185185185185 0.008854166666666666 0.040740740740740744
3 0.20859375 0.44166666666666665 0.011979166666666667 0.044444444444444446
3 0.4434895833333333 0.3453703703703704 0.0067708333333333336 0.02962962962962963
4 0.325 0.46620370370370373 0.009375 0.05092592592592592
3 0.3190104166666667 0.4615740740740741 0.008854166666666666 0.05092592592592592
4 0.91875 0.6791666666666667 0.013541666666666667 0.0787037037037037
4 0.23229166666666667 0.3425925925925926 0.00625 0.024074074074074074
1 0.5690104166666666 0.7453703703703703 0.015104166666666667 0.06851851851851852