4 0.5911458333333334 0.7398148148148148 0.017708333333333333 0.07962962962962963
2 0.50390625 0.8726851851851852 0.028645833333333332 0.08425925925925926
0 0.5778645833333333 0.3625 0.0046875 0.006481481481481481
3 0.12994791666666666 0.637962962962963 0.018229166666666668 0.07222222222222222
3 0.5854166666666667 0.5375 0.013541666666666667 0.06018518518518518
3 0.40651041666666665 0.5120370370370371 0.0109375 0.05555555555555555
3 0.4674479166666667 0.5157407407407407 0.0140625 0.05555555555555555
3 0.7453125 0.45694444444444443 0.011458333333333333 0.05092592592592592
3 0.33567708333333335 0.49074074074074076 0.0109375 0.053703703703703705
4 0.9440104166666666 0.687962962962963 0.0140625 0.08148148148148149
3 0.18151041666666667 0.5041666666666667 0.013020833333333334 0.05648148148148148
3 0.9028645833333333 0.3768518518518518 0.013020833333333334 0.037037037037037035
3 0.6388020833333333 0.4462962962962963 0.009895833333333333 0.046296296296296294
3 0.5416666666666666 0.40324074074074073 0.010416666666666666 0.03981481481481482
3 0.21953125 0.48055555555555557 0.011979166666666667 0.04814814814814815
3 0.46380208333333334 0.4046296296296296 0.009895833333333333 0.04259259259259259
3 0.45078125 0.38101851851851853 0.009895833333333333 0.03796296296296296
3 0.21171875 0.4199074074074074 0.011979166666666667 0.04537037037037037
3 0.23359375 0.4199074074074074 0.011979166666666667 0.04351851851851852
3 0.3528645833333333 0.42962962962962964 0.009895833333333333 0.046296296296296294
3 0.26276041666666666 0.3638888888888889 0.009895833333333333 0.037037037037037035
3 0.23333333333333334 0.3773148148148148 0.008333333333333333 0.04722222222222222
3 0.6197916666666666 0.3578703703703704 0.008333333333333333 0.03611111111111111
4 0.37057291666666664 0.4393518518518518 0.009895833333333333 0.049074074074074076
3 0.4747395833333333 0.32037037037037036 0.009895833333333333 0.03148148148148148
3 0.23411458333333332 0.3587962962962963 0.00859375 0.0125