4 0.9731770833333333 0.8814814814814815 0.04010416666666667 0.12037037037037036
3 0.47369791666666666 0.5824074074074074 0.0171875 0.07962962962962963
3 0.26484375 0.3597222222222222 0.015104166666666667 0.05277777777777778
3 0.17135416666666667 0.4236111111111111 0.014583333333333334 0.062037037037037036
3 0.8247395833333333 0.44583333333333336 0.0171875 0.06018518518518518
3 0.66171875 0.38425925925925924 0.011979166666666667 0.05185185185185185
3 0.42083333333333334 0.3402777777777778 0.014583333333333334 0.049074074074074076
4 0.60078125 0.350462962962963 0.015104166666666667 0.04351851851851852
3 0.41744791666666664 0.4023148148148148 0.011979166666666667 0.05462962962962963
3 0.08541666666666667 0.36435185185185187 0.016666666666666666 0.05277777777777778
3 0.3171875 0.3037037037037037 0.009375 0.04259259259259259
3 0.7895833333333333 0.3060185185185185 0.010416666666666666 0.04537037037037037
3 0.85703125 0.40324074074074073 0.011979166666666667 0.05648148148148148
3 0.8640625 0.3625 0.013541666666666667 0.05277777777777778
3 0.490625 0.30833333333333335 0.013541666666666667 0.037037037037037035
3 0.3963541666666667 0.3106481481481482 0.009375 0.041666666666666664
3 0.7119791666666667 0.3449074074074074 0.011458333333333333 0.049074074074074076
3 0.5052083333333334 0.31712962962962965 0.009375 0.04351851851851852
3 0.5708333333333333 0.2949074074074074 0.009375 0.03425925925925926
3 0.7328125 0.2902777777777778 0.010416666666666666 0.03981481481481482
3 0.7171875 0.325 0.011458333333333333 0.046296296296296294
3 0.5458333333333333 0.2722222222222222 0.010416666666666666 0.03518518518518519
4 0.41770833333333335 0.26296296296296295 0.009375 0.03518518518518519
3 0.75234375 0.3 0.008854166666666666 0.03888888888888889
4 0.22734375 0.2550925925925926 0.008854166666666666 0.03611111111111111