4 0.9174479166666667 0.874537037037037 0.034895833333333334 0.11944444444444445
3 0.42083333333333334 0.5990740740740741 0.021875 0.08703703703703704
3 0.15286458333333333 0.42407407407407405 0.016145833333333335 0.05925925925925926
3 0.784375 0.46435185185185185 0.013541666666666667 0.062037037037037036
3 0.38307291666666665 0.41805555555555557 0.015104166666666667 0.05462962962962963
3 0.63359375 0.39351851851851855 0.013020833333333334 0.053703703703703705
3 0.8471354166666667 0.3736111111111111 0.013020833333333334 0.05092592592592592
3 0.24296875 0.35833333333333334 0.013020833333333334 0.05185185185185185
3 0.8283854166666667 0.4148148148148148 0.013020833333333334 0.05740740740740741
3 0.0625 0.36712962962962964 0.017708333333333333 0.05277777777777778
3 0.7359375 0.3023148148148148 0.010416666666666666 0.041666666666666664
3 0.7697916666666667 0.31296296296296294 0.014583333333333334 0.044444444444444446
4 0.5786458333333333 0.35138888888888886 0.011458333333333333 0.049074074074074076
3 0.35598958333333336 0.32083333333333336 0.009895833333333333 0.04351851851851852
3 0.70546875 0.3541666666666667 0.011979166666666667 0.05092592592592592
3 0.31692708333333336 0.30925925925925923 0.0109375 0.044444444444444446
3 0.534375 0.30277777777777776 0.010416666666666666 0.040740740740740744
3 0.38723958333333336 0.3449074074074074 0.0109375 0.04722222222222222
3 0.521875 0.2712962962962963 0.014583333333333334 0.03333333333333333
3 0.6955729166666667 0.33055555555555555 0.0109375 0.04814814814814815
3 0.47239583333333335 0.325 0.011458333333333333 0.044444444444444446
3 0.70390625 0.2912037037037037 0.0109375 0.03981481481481482
3 0.4671875 0.31805555555555554 0.008333333333333333 0.05277777777777778
4 0.4015625 0.26342592592592595 0.007291666666666667 0.028703703703703703