3 0.7033854166666667 0.44305555555555554 0.025520833333333333 0.08055555555555556
3 0.8361979166666667 0.33425925925925926 0.0203125 0.06481481481481481
3 0.7752604166666667 0.32314814814814813 0.0203125 0.06296296296296296
3 0.37734375 0.4388888888888889 0.0140625 0.08148148148148149
3 0.35963541666666665 0.34074074074074073 0.015104166666666667 0.06481481481481481
3 0.24791666666666667 0.3731481481481482 0.019791666666666666 0.07037037037037037
3 0.63359375 0.3421296296296296 0.0203125 0.06574074074074074
3 0.6895833333333333 0.2865740740740741 0.0125 0.05648148148148148
3 0.42135416666666664 0.34305555555555556 0.017708333333333333 0.062037037037037036
3 0.23463541666666668 0.43148148148148147 0.018229166666666668 0.06666666666666667
3 0.4453125 0.32546296296296295 0.019791666666666666 0.0763888888888889
3 0.5231770833333333 0.2962962962962963 0.0140625 0.046296296296296294
3 0.30520833333333336 0.3541666666666667 0.017708333333333333 0.06944444444444445
3 0.5268229166666667 0.37916666666666665 0.018229166666666668 0.06944444444444445
3 0.49322916666666666 0.38055555555555554 0.016666666666666666 0.07222222222222222
3 0.29375 0.3611111111111111 0.014583333333333334 0.06851851851851852
3 0.48203125 0.33935185185185185 0.0140625 0.06388888888888888
4 0.6453125 0.38796296296296295 0.014583333333333334 0.07407407407407407
3 0.51953125 0.34305555555555556 0.016145833333333335 0.0787037037037037
4 0.5578125 0.22916666666666666 0.010416666666666666 0.04351851851851852
1 0.41171875 0.21203703703703702 0.008854166666666666 0.044444444444444446
3 0.2526041666666667 0.3699074074074074 0.011458333333333333 0.06574074074074074
3 0.44427083333333334 0.3333333333333333 0.0203125 0.060648148148148145