2 0.703125 0.9685185185185186 0.030208333333333334 0.05925925925925926
2 0.9026041666666667 0.9481481481481482 0.04895833333333333 0.1
3 0.72109375 0.5435185185185185 0.018229166666666668 0.06111111111111111
3 0.21380208333333334 0.4708333333333333 0.021354166666666667 0.05277777777777778
3 0.44505208333333335 0.6875 0.018229166666666668 0.08796296296296297
3 0.359375 0.47175925925925927 0.019791666666666666 0.05462962962962963
3 0.8106770833333333 0.4388888888888889 0.013020833333333334 0.05
3 0.2791666666666667 0.425 0.013541666666666667 0.04814814814814815
3 0.10286458333333333 0.40185185185185185 0.015104166666666667 0.044444444444444446
3 0.6166666666666667 0.44212962962962965 0.011458333333333333 0.04537037037037037
3 0.390625 0.43148148148148147 0.010416666666666666 0.05
3 0.6518229166666667 0.37175925925925923 0.009895833333333333 0.041666666666666664
3 0.7479166666666667 0.35648148148148145 0.01171875 0.03333333333333333
3 0.5122395833333333 0.3800925925925926 0.016145833333333335 0.041666666666666664
3 0.56484375 0.3819444444444444 0.0140625 0.03981481481481482
3 0.7494791666666667 0.43287037037037035 0.011458333333333333 0.04722222222222222
3 0.45416666666666666 0.3523148148148148 0.011458333333333333 0.032407407407407406
3 0.5940104166666667 0.45555555555555555 0.011979166666666667 0.053703703703703705
4 0.58984375 0.40925925925925927 0.011979166666666667 0.04259259259259259
3 0.77109375 0.3675925925925926 0.0140625 0.040740740740740744
3 0.42109375 0.3476851851851852 0.0078125 0.03611111111111111
3 0.7796875 0.3453703703703704 0.011458333333333333 0.03518518518518519
4 0.36354166666666665 0.32407407407407407 0.007291666666666667 0.025925925925925925
3 0.69609375 0.3333333333333333 0.009895833333333333 0.03333333333333333
4 0.11614583333333334 0.31527777777777777 0.007291666666666667 0.028703703703703703
1 0.9661458333333334 0.8472222222222222 0.026041666666666668 0.08888888888888889
3 0.7518229166666667 0.3648148148148148 0.013802083333333333 0.04490740740740741