1 0.68671875 0.7847222222222222 0.0234375 0.06388888888888888
2 0.48932291666666666 0.9277777777777778 0.05416666666666667 0.1125
3 0.39505208333333336 0.5277777777777778 0.025520833333333333 0.05555555555555555
4 0.4552083333333333 0.4074074074074074 0.013541666666666667 0.04259259259259259
3 0.23828125 0.4166666666666667 0.018229166666666668 0.044444444444444446
3 0.5591145833333333 0.3962962962962963 0.0109375 0.03888888888888889
3 0.26171875 0.47175925925925927 0.0109375 0.04537037037037037
3 0.690625 0.42824074074074076 0.011458333333333333 0.04537037037037037
3 0.3359375 0.3837962962962963 0.013541666666666667 0.041666666666666664
3 0.9359375 0.3939814814814815 0.016666666666666666 0.03796296296296296
3 0.09322916666666667 0.5064814814814815 0.011458333333333333 0.053703703703703705
3 0.475 0.34629629629629627 0.0125 0.03333333333333333
3 0.6028645833333334 0.37083333333333335 0.0109375 0.03611111111111111
3 0.6466145833333333 0.39351851851851855 0.0109375 0.03888888888888889
3 0.11692708333333333 0.43842592592592594 0.009895833333333333 0.04722222222222222
3 0.49921875 0.38425925925925924 0.008854166666666666 0.04259259259259259
3 0.32473958333333336 0.3527777777777778 0.011979166666666667 0.03888888888888889
3 0.10390625 0.38657407407407407 0.0109375 0.041666666666666664
3 0.52734375 0.4009259259259259 0.011979166666666667 0.04259259259259259
3 0.17942708333333332 0.38333333333333336 0.0078125 0.03888888888888889
3 0.5145833333333333 0.40925925925925927 0.014583333333333334 0.03888888888888889
3 0.26666666666666666 0.3662037037037037 0.008333333333333333 0.032407407407407406
3 0.65703125 0.37777777777777777 0.013020833333333334 0.025925925925925925
3 0.2734375 0.3638888888888889 0.008333333333333333 0.037037037037037035
4 0.14921875 0.3439814814814815 0.0078125 0.026851851851851852
0 0.5369791666666667 0.40925925925925927 0.0046875 0.010185185185185186