2 0.7684895833333333 0.9143518518518519 0.07135416666666666 0.16574074074074074
2 0.54296875 0.9435185185185185 0.0328125 0.10740740740740741
2 0.6671875 0.9097222222222222 0.027083333333333334 0.062037037037037036
2 0.9427083333333334 0.9412037037037037 0.1125 0.11388888888888889
3 0.34765625 0.6083333333333333 0.016145833333333335 0.07592592592592592
3 0.6484375 0.5125 0.011458333333333333 0.058333333333333334
3 0.334375 0.46574074074074073 0.010416666666666666 0.05
3 0.2640625 0.4375 0.013541666666666667 0.04722222222222222
3 0.53828125 0.42777777777777776 0.0109375 0.044444444444444446
3 0.5078125 0.39675925925925926 0.014583333333333334 0.03981481481481482
3 0.35494791666666664 0.36435185185185187 0.008854166666666666 0.03796296296296296
3 0.25286458333333334 0.46574074074074073 0.0140625 0.05
3 0.6091145833333333 0.36666666666666664 0.0078125 0.037037037037037035
3 0.38307291666666665 0.3597222222222222 0.008854166666666666 0.030555555555555555
3 0.6739583333333333 0.34629629629629627 0.011458333333333333 0.03518518518518519
3 0.71328125 0.3680555555555556 0.008854166666666666 0.03611111111111111
3 0.31953125 0.41898148148148145 0.008854166666666666 0.04722222222222222
3 0.6388020833333333 0.3611111111111111 0.008854166666666666 0.03888888888888889
3 0.48541666666666666 0.41944444444444445 0.010416666666666666 0.04259259259259259
3 0.7083333333333334 0.4 0.009375 0.044444444444444446
3 0.47213541666666664 0.3912037037037037 0.009895833333333333 0.041666666666666664
3 0.49114583333333334 0.3476851851851852 0.007291666666666667 0.03425925925925926
4 0.5552083333333333 0.40879629629629627 0.011458333333333333 0.05462962962962963
3 0.5541666666666667 0.3699074074074074 0.008333333333333333 0.032407407407407406
4 0.953125 0.3074074074074074 0.010416666666666666 0.03148148148148148
3 0.5588541666666667 0.39351851851851855 0.007291666666666667 0.027777777777777776
4 0.325 0.33240740740740743 0.007291666666666667 0.025925925925925925
1 0.7763020833333333 0.7856481481481481 0.0171875 0.07314814814814814
0 0.5140625 0.41435185185185186 0.002864583333333333 0.008333333333333333