2 0.7348958333333333 0.9537037037037037 0.029427083333333333 0.04490740740740741
2 0.7747395833333334 0.9393518518518519 0.043229166666666666 0.10648148148148148
3 0.6828125 0.6273148148148148 0.028125 0.08611111111111111
3 0.28177083333333336 0.47824074074074074 0.020833333333333332 0.06574074074074074
3 0.5020833333333333 0.4013888888888889 0.011458333333333333 0.05462962962962963
3 0.7760416666666666 0.45694444444444443 0.013541666666666667 0.06388888888888888
3 0.36666666666666664 0.375 0.011458333333333333 0.05185185185185185
3 0.30442708333333335 0.34675925925925927 0.0109375 0.049074074074074076
3 0.5963541666666666 0.36435185185185187 0.010416666666666666 0.049074074074074076
3 0.6427083333333333 0.3212962962962963 0.009375 0.044444444444444446
3 0.7447916666666666 0.375 0.013541666666666667 0.05185185185185185
3 0.4119791666666667 0.3212962962962963 0.009375 0.04814814814814815
3 0.7127604166666667 0.36342592592592593 0.008854166666666666 0.05092592592592592
3 0.5549479166666667 0.3731481481481482 0.013020833333333334 0.053703703703703705
3 0.5453125 0.31203703703703706 0.011458333333333333 0.044444444444444446
3 0.2955729166666667 0.30092592592592593 0.009895833333333333 0.046296296296296294
3 0.5989583333333334 0.2796296296296296 0.010416666666666666 0.037037037037037035
3 0.5796875 0.28425925925925927 0.008333333333333333 0.03888888888888889
3 0.4270833333333333 0.29953703703703705 0.011458333333333333 0.032407407407407406
4 0.5606770833333333 0.3398148148148148 0.009895833333333333 0.046296296296296294
4 0.97578125 0.2513888888888889 0.009895833333333333 0.03796296296296296
1 0.7247395833333333 0.8310185185185185 0.018229166666666668 0.0787037037037037