1 0.6885416666666667 0.7800925925925926 0.021875 0.08611111111111111
4 0.6036458333333333 0.7939814814814815 0.023958333333333335 0.06388888888888888
2 0.7044270833333334 0.9064814814814814 0.034375 0.08888888888888889
2 0.5744791666666667 0.9273148148148148 0.022916666666666665 0.06388888888888888
2 0.7453125 0.8703703703703703 0.042708333333333334 0.09814814814814815
3 0.6140625 0.5425925925925926 0.025 0.06481481481481481
3 0.10078125 0.5851851851851851 0.021354166666666667 0.07037037037037037
3 0.38697916666666665 0.513425925925926 0.01875 0.06388888888888888
3 0.6546875 0.41759259259259257 0.014583333333333334 0.05
1 0.42291666666666666 0.4046296296296296 0.014583333333333334 0.05
3 0.21302083333333333 0.42453703703703705 0.015625 0.05462962962962963
3 0.3494791666666667 0.44305555555555554 0.014583333333333334 0.058333333333333334
3 0.17447916666666666 0.43796296296296294 0.014583333333333334 0.05555555555555555
3 0.803125 0.4449074074074074 0.014583333333333334 0.05648148148148148
3 0.24296875 0.37777777777777777 0.0109375 0.046296296296296294
3 0.49505208333333334 0.4787037037037037 0.013020833333333334 0.06296296296296296
3 0.5588541666666667 0.35138888888888886 0.015625 0.04351851851851852
3 0.3765625 0.3800925925925926 0.0125 0.04537037037037037
3 0.46041666666666664 0.3300925925925926 0.013541666666666667 0.03981481481481482
3 0.50859375 0.35694444444444445 0.0140625 0.04537037037037037
3 0.6703125 0.31851851851851853 0.009375 0.040740740740740744
3 0.2140625 0.3763888888888889 0.011458333333333333 0.05092592592592592
3 0.3 0.3175925925925926 0.007291666666666667 0.037037037037037035
3 0.26067708333333334 0.33425925925925926 0.013020833333333334 0.04259259259259259
3 0.2713541666666667 0.32685185185185184 0.011458333333333333 0.037037037037037035
3 0.5127604166666667 0.2865740740740741 0.0109375 0.032407407407407406