2 0.5471354166666667 0.9305555555555556 0.0453125 0.07222222222222222
2 0.7578125 0.9166666666666666 0.078125 0.16296296296296298
2 0.4908854166666667 0.9287037037037037 0.025520833333333333 0.053703703703703705
2 0.6455729166666667 0.9097222222222222 0.025520833333333333 0.062037037037037036
2 0.5338541666666666 0.9314814814814815 0.019791666666666666 0.06481481481481481
3 0.553125 0.4388888888888889 0.019791666666666666 0.044444444444444446
3 0.38255208333333335 0.5768518518518518 0.021354166666666667 0.06666666666666667
3 0.6497395833333334 0.5217592592592593 0.0140625 0.06018518518518518
3 0.3450520833333333 0.46435185185185185 0.009895833333333333 0.049074074074074076
3 0.6380208333333334 0.3662037037037037 0.0125 0.0375
3 0.5958333333333333 0.37222222222222223 0.009375 0.03888888888888889
3 0.5192708333333333 0.43194444444444446 0.01875 0.041666666666666664
3 0.3065104166666667 0.425 0.0109375 0.046296296296296294
3 0.4708333333333333 0.40185185185185185 0.009375 0.046296296296296294
3 0.45208333333333334 0.35462962962962963 0.008333333333333333 0.03518518518518519
3 0.3776041666666667 0.36157407407407405 0.008333333333333333 0.032407407407407406
3 0.29270833333333335 0.4666666666666667 0.016666666666666666 0.04814814814814815
3 0.34921875 0.37175925925925923 0.008854166666666666 0.03611111111111111
3 0.5263020833333333 0.37546296296296294 0.008854166666666666 0.03981481481481482
3 0.7091145833333333 0.38055555555555554 0.009895833333333333 0.03888888888888889
3 0.7143229166666667 0.4050925925925926 0.008854166666666666 0.041666666666666664
3 0.5325520833333334 0.40555555555555556 0.013020833333333334 0.046296296296296294
3 0.28671875 0.4300925925925926 0.009895833333333333 0.03425925925925926
1 0.753125 0.7828703703703703 0.016666666666666666 0.075
4 0.5575520833333333 0.4203703703703704 0.012760416666666666 0.04675925925925926
4 0.34088541666666666 0.3337962962962963 0.00859375 0.026851851851851852
3 0.5333333333333333 0.4013888888888889 0.0109375 0.03564814814814815
3 0.6408854166666667 0.34675925925925927 0.008854166666666666 0.033796296296296297
0 0.5609375 0.4583333333333333 0.0067708333333333336 0.012037037037037037