1 0.7317708333333334 0.7888888888888889 0.023958333333333335 0.06296296296296296
2 0.5236979166666667 0.9347222222222222 0.016145833333333335 0.06574074074074074
2 0.59140625 0.9347222222222222 0.0484375 0.125
2 0.5424479166666667 0.9342592592592592 0.021354166666666667 0.044444444444444446
3 0.4010416666666667 0.5231481481481481 0.019791666666666666 0.05555555555555555
3 0.27838541666666666 0.4439814814814815 0.016145833333333335 0.04537037037037037
3 0.11119791666666666 0.48657407407407405 0.013020833333333334 0.05648148148148148
3 0.7458333333333333 0.41388888888888886 0.011458333333333333 0.046296296296296294
3 0.27057291666666666 0.39490740740740743 0.0140625 0.04537037037037037
3 0.5361979166666667 0.37453703703703706 0.015104166666666667 0.03981481481481482
3 0.38697916666666665 0.36064814814814816 0.008333333333333333 0.03796296296296296
3 0.5815104166666667 0.36666666666666664 0.0109375 0.03888888888888889
3 0.15338541666666666 0.4134259259259259 0.009895833333333333 0.04351851851851852
3 0.63671875 0.35138888888888886 0.008854166666666666 0.03611111111111111
3 0.509375 0.3990740740740741 0.0125 0.044444444444444446
3 0.32395833333333335 0.3449074074074074 0.007291666666666667 0.03425925925925926
3 0.234375 0.3592592592592593 0.007291666666666667 0.037037037037037035
3 0.36302083333333335 0.33240740740740743 0.011458333333333333 0.03333333333333333
3 0.15286458333333333 0.3625 0.008854166666666666 0.03796296296296296
3 0.7096354166666666 0.37546296296296294 0.015104166666666667 0.025
3 0.6994791666666667 0.37222222222222223 0.010416666666666666 0.03518518518518519
3 0.5109375 0.36157407407407405 0.010416666666666666 0.03611111111111111
3 0.50859375 0.33194444444444443 0.008854166666666666 0.028703703703703703
4 0.19973958333333333 0.32685185185185184 0.008854166666666666 0.02638888888888889
3 0.9908854166666666 0.38657407407407407 0.015104166666666667 0.041666666666666664
0 0.5880208333333333 0.3912037037037037 0.005729166666666666 0.008333333333333333