4 0.7690104166666667 0.8064814814814815 0.0265625 0.06851851851851852
2 0.6932291666666667 0.9587962962962963 0.04244791666666667 0.06944444444444445
0 0.70859375 0.3263888888888889 0.0046875 0.006481481481481481
3 0.39739583333333334 0.5342592592592592 0.016666666666666666 0.07222222222222222
3 0.08177083333333333 0.47129629629629627 0.013541666666666667 0.05555555555555555
3 0.7536458333333333 0.4101851851851852 0.014583333333333334 0.05
3 0.28567708333333336 0.41898148148148145 0.015104166666666667 0.049074074074074076
3 0.49973958333333335 0.33935185185185185 0.0171875 0.041666666666666664
3 0.24869791666666666 0.3384259259259259 0.0140625 0.03796296296296296
3 0.14557291666666666 0.39675925925925926 0.0109375 0.04722222222222222
4 0.53046875 0.37175925925925923 0.0109375 0.047685185185185185
3 0.40286458333333336 0.337037037037037 0.0109375 0.040740740740740744
3 0.5046875 0.39166666666666666 0.010416666666666666 0.044444444444444446
3 0.584375 0.3384259259259259 0.009375 0.03981481481481482
3 0.15677083333333333 0.33935185185185185 0.010416666666666666 0.03796296296296296
3 0.6447916666666667 0.3333333333333333 0.010416666666666666 0.03888888888888889
3 0.5255208333333333 0.3148148148148148 0.009375 0.03518518518518519
3 0.271875 0.3726851851851852 0.013541666666666667 0.04537037037037037
3 0.3731770833333333 0.3106481481481482 0.0140625 0.032407407407407406
3 0.7296875 0.36018518518518516 0.011458333333333333 0.037037037037037035
3 0.7205729166666667 0.35555555555555557 0.0140625 0.044444444444444446
3 0.34921875 0.33287037037037037 0.0125 0.03981481481481482
4 0.20546875 0.3055555555555556 0.0078125 0.027777777777777776
3 0.34375 0.3162037037037037 0.008333333333333333 0.041666666666666664
3 0.5270833333333333 0.3509259259259259 0.013541666666666667 0.03333333333333333