3 0.428125 0.324537037037037 0.010416666666666666 0.05462962962962963
4 0.87578125 0.8546296296296296 0.033854166666666664 0.12037037037037036
0 0.4395833333333333 0.3013888888888889 0.004166666666666667 0.006481481481481481
3 0.3619791666666667 0.6097222222222223 0.026041666666666668 0.08796296296296297
3 0.33046875 0.43472222222222223 0.016145833333333335 0.05277777777777778
3 0.59375 0.4009259259259259 0.014583333333333334 0.053703703703703705
3 0.7330729166666666 0.475462962962963 0.018229166666666668 0.06574074074074074
3 0.12083333333333333 0.42685185185185187 0.010416666666666666 0.06111111111111111
3 0.7268229166666667 0.30787037037037035 0.0109375 0.04351851851851852
3 0.80390625 0.3763888888888889 0.013020833333333334 0.05462962962962963
3 0.7731770833333333 0.42453703703703705 0.015104166666666667 0.06018518518518518
3 0.03671875 0.3731481481481482 0.0109375 0.053703703703703705
3 0.6559895833333333 0.28935185185185186 0.009895833333333333 0.041666666666666664
3 0.7690104166666667 0.3263888888888889 0.0109375 0.04351851851851852
3 0.21901041666666668 0.3587962962962963 0.0078125 0.05277777777777778
3 0.42421875 0.33101851851851855 0.015104166666666667 0.049074074074074076
3 0.35130208333333335 0.3439814814814815 0.008854166666666666 0.049074074074074076
4 0.5510416666666667 0.35648148148148145 0.010416666666666666 0.05
3 0.48072916666666665 0.31203703703703706 0.010416666666666666 0.03888888888888889
3 0.3072916666666667 0.3351851851851852 0.010416666666666666 0.046296296296296294
3 0.31588541666666664 0.31157407407407406 0.013020833333333334 0.04351851851851852
3 0.6575520833333334 0.34074074074074073 0.0109375 0.05
3 0.6640625 0.3587962962962963 0.011458333333333333 0.05462962962962963
3 0.5174479166666667 0.26851851851851855 0.0078125 0.03888888888888889
4 0.37135416666666665 0.26435185185185184 0.008333333333333333 0.028703703703703703