2 0.6515625 0.9518518518518518 0.04375 0.07037037037037037
2 0.91328125 0.9564814814814815 0.028645833333333332 0.07777777777777778
0 0.27682291666666664 0.3990740740740741 0.005729166666666666 0.007407407407407408
3 0.7825520833333334 0.4930555555555556 0.024479166666666666 0.075
3 0.6424479166666667 0.6361111111111111 0.0296875 0.09259259259259259
3 0.3190104166666667 0.4023148148148148 0.018229166666666668 0.05092592592592592
3 0.6901041666666666 0.37175925925925923 0.013541666666666667 0.05462962962962963
3 0.3848958333333333 0.399537037037037 0.013541666666666667 0.05648148148148148
3 0.6481770833333333 0.37916666666666665 0.011979166666666667 0.06018518518518518
3 0.8604166666666667 0.37824074074074077 0.015625 0.05648148148148148
3 0.37135416666666665 0.27685185185185185 0.0125 0.040740740740740744
3 0.44192708333333336 0.3365740740740741 0.0203125 0.05092592592592592
3 0.44817708333333334 0.2796296296296296 0.013020833333333334 0.03888888888888889
3 0.6669270833333333 0.2916666666666667 0.011979166666666667 0.044444444444444446
4 0.6307291666666667 0.32685185185185184 0.013541666666666667 0.044444444444444446
3 0.84296875 0.3712962962962963 0.011979166666666667 0.05740740740740741
3 0.7096354166666666 0.26435185185185184 0.009895833333333333 0.041666666666666664
3 0.5421875 0.32037037037037036 0.014583333333333334 0.05185185185185185
3 0.7296875 0.25 0.008333333333333333 0.03518518518518519
3 0.4231770833333333 0.34444444444444444 0.013020833333333334 0.053703703703703705
3 0.75703125 0.31203703703703706 0.011979166666666667 0.05185185185185185
3 0.53828125 0.2796296296296296 0.008854166666666666 0.03888888888888889
3 0.7567708333333333 0.275 0.010416666666666666 0.03148148148148148
3 0.6244791666666667 0.25277777777777777 0.00625 0.024074074074074074
4 0.4002604166666667 0.2375 0.0109375 0.030555555555555555
1 0.7231770833333333 0.7976851851851852 0.0203125 0.08981481481481482
2 0.8458333333333333 0.9273148148148148 0.11354166666666667 0.14166666666666666