1 0.6924479166666667 0.9236111111111112 0.034895833333333334 0.08981481481481482
3 0.19453125 0.44537037037037036 0.018229166666666668 0.07222222222222222
3 0.7380208333333333 0.2810185185185185 0.013541666666666667 0.05462962962962963
3 0.4010416666666667 0.37777777777777777 0.021875 0.06851851851851852
3 0.6932291666666667 0.4203703703703704 0.015625 0.07592592592592592
3 0.31588541666666664 0.30694444444444446 0.024479166666666666 0.06018518518518518
3 0.8083333333333333 0.3023148148148148 0.014583333333333334 0.058333333333333334
3 0.40390625 0.2833333333333333 0.018229166666666668 0.05740740740740741
3 0.16197916666666667 0.3453703703703704 0.015625 0.06666666666666667
3 0.5078125 0.3574074074074074 0.015625 0.06111111111111111
3 0.6703125 0.2523148148148148 0.017708333333333333 0.05092592592592592
3 0.34921875 0.3638888888888889 0.019270833333333334 0.06481481481481481
3 0.5169270833333334 0.25 0.018229166666666668 0.053703703703703705
3 0.37161458333333336 0.27685185185185185 0.0140625 0.05925925925925926
3 0.22317708333333333 0.3351851851851852 0.0140625 0.06296296296296296
3 0.6223958333333334 0.3138888888888889 0.014583333333333334 0.05925925925925926
3 0.44453125 0.3282407407407407 0.016145833333333335 0.062037037037037036
3 0.2578125 0.3314814814814815 0.015625 0.06296296296296296
4 0.6322916666666667 0.3435185185185185 0.014583333333333334 0.06481481481481481
3 0.4669270833333333 0.337037037037037 0.0140625 0.05925925925925926
3 0.4739583333333333 0.31666666666666665 0.011458333333333333 0.06296296296296296
3 0.45260416666666664 0.3125 0.013541666666666667 0.062037037037037036
4 0.4669270833333333 0.19814814814814816 0.009895833333333333 0.037037037037037035
3 0.25546875 0.29907407407407405 0.009895833333333333 0.03518518518518519