4 0.6328125 0.7921296296296296 0.027083333333333334 0.08796296296296297
3 0.6015625 0.5550925925925926 0.01875 0.06759259259259259
3 0.1140625 0.5504629629629629 0.01875 0.06944444444444445
3 0.33671875 0.5055555555555555 0.021354166666666667 0.06296296296296296
3 0.6635416666666667 0.4162037037037037 0.01875 0.05092592592592592
3 0.8145833333333333 0.44907407407407407 0.017708333333333333 0.06111111111111111
3 0.5697916666666667 0.34629629629629627 0.014583333333333334 0.044444444444444446
3 0.37135416666666665 0.42824074074074076 0.013541666666666667 0.05462962962962963
3 0.3921875 0.37222222222222223 0.013541666666666667 0.04814814814814815
3 0.234375 0.40324074074074073 0.013541666666666667 0.058333333333333334
3 0.5419270833333333 0.4708333333333333 0.011979166666666667 0.06018518518518518
4 0.44557291666666665 0.39861111111111114 0.011979166666666667 0.049074074074074076
3 0.528125 0.34814814814814815 0.0125 0.044444444444444446
3 0.6986979166666667 0.31666666666666665 0.0140625 0.040740740740740744
3 0.19296875 0.4199074074074074 0.0140625 0.05277777777777778
3 0.34401041666666665 0.3106481481481482 0.011979166666666667 0.03425925925925926
3 0.25625 0.3574074074074074 0.010416666666666666 0.046296296296296294
3 0.2986979166666667 0.3282407407407407 0.009895833333333333 0.041666666666666664
3 0.47161458333333334 0.32037037037037036 0.008854166666666666 0.03888888888888889
3 0.5216145833333333 0.2884259259259259 0.008854166666666666 0.030555555555555555
3 0.3078125 0.32222222222222224 0.008333333333333333 0.037037037037037035
3 0.28671875 0.3597222222222222 0.0109375 0.04351851851851852
1 0.7494791666666667 0.799074074074074 0.023958333333333335 0.07407407407407407
1 0.11979166666666667 0.9037037037037037 0.03229166666666667 0.08148148148148149
4 0.3234375 0.28425925925925927 0.009114583333333334 0.027314814814814816
0 0.5122395833333333 0.30185185185185187 0.004427083333333333 0.006944444444444444