3 0.17083333333333334 0.4898148148148148 0.023958333333333335 0.04814814814814815
3 0.7270833333333333 0.5712962962962963 0.020833333333333332 0.06851851851851852
3 0.27369791666666665 0.43425925925925923 0.0140625 0.04814814814814815
3 0.15078125 0.40324074074074073 0.016145833333333335 0.04537037037037037
3 0.66015625 0.39166666666666666 0.013020833333333334 0.04259259259259259
3 0.3932291666666667 0.4583333333333333 0.013541666666666667 0.053703703703703705
3 0.34375 0.49166666666666664 0.015625 0.053703703703703705
3 0.8140625 0.4759259259259259 0.015625 0.05555555555555555
3 0.4671875 0.7393518518518518 0.020833333333333332 0.09722222222222222
3 0.5177083333333333 0.39814814814814814 0.014583333333333334 0.04259259259259259
3 0.7953125 0.38935185185185184 0.013541666666666667 0.04537037037037037
3 0.6330729166666667 0.4837962962962963 0.013020833333333334 0.058333333333333334
3 0.4270833333333333 0.35509259259259257 0.010416666666666666 0.03611111111111111
3 0.790625 0.462037037037037 0.0125 0.05185185185185185
3 0.6453125 0.4634259259259259 0.011458333333333333 0.05277777777777778
3 0.77890625 0.35648148148148145 0.013020833333333334 0.037037037037037035
3 0.5666666666666667 0.4111111111111111 0.015625 0.06666666666666667
3 0.46484375 0.36342592592592593 0.009895833333333333 0.032407407407407406
3 0.7611979166666667 0.38287037037037036 0.0109375 0.041666666666666664
3 0.7552083333333334 0.3597222222222222 0.013541666666666667 0.030555555555555555
4 0.15104166666666666 0.3226851851851852 0.008333333333333333 0.032407407407407406
3 0.7236979166666667 0.3425925925925926 0.013020833333333334 0.034722222222222224
4 0.3723958333333333 0.33194444444444443 0.00625 0.021296296296296296
4 0.5684895833333333 0.42407407407407405 0.011979166666666667 0.040740740740740744