4 0.6229166666666667 0.7976851851851852 0.025 0.08611111111111111
3 0.47604166666666664 0.5574074074074075 0.016666666666666666 0.05925925925925926
3 0.40338541666666666 0.5476851851851852 0.0140625 0.05277777777777778
3 0.4505208333333333 0.4115740740740741 0.011458333333333333 0.03796296296296296
3 0.234375 0.5634259259259259 0.016666666666666666 0.058333333333333334
3 0.34088541666666666 0.487962962962963 0.008854166666666666 0.04814814814814815
3 0.38229166666666664 0.4546296296296296 0.010416666666666666 0.046296296296296294
3 0.30052083333333335 0.43703703703703706 0.010416666666666666 0.040740740740740744
3 0.1375 0.4546296296296296 0.011458333333333333 0.044444444444444446
3 0.18098958333333334 0.4976851851851852 0.0109375 0.05277777777777778
3 0.24869791666666666 0.4222222222222222 0.009895833333333333 0.03518518518518519
3 0.1953125 0.45092592592592595 0.010416666666666666 0.044444444444444446
3 0.6359375 0.4740740740740741 0.008333333333333333 0.044444444444444446
3 0.7619791666666667 0.41805555555555557 0.011458333333333333 0.03611111111111111
3 0.7596354166666667 0.4638888888888889 0.008854166666666666 0.040740740740740744
3 0.6903645833333333 0.44907407407407407 0.0078125 0.04259259259259259
3 0.5731770833333333 0.3972222222222222 0.0067708333333333336 0.03518518518518519
3 0.5885416666666666 0.45092592592592595 0.010416666666666666 0.044444444444444446
3 0.7309895833333333 0.45092592592592595 0.0109375 0.03888888888888889
3 0.5864583333333333 0.4273148148148148 0.008333333333333333 0.049074074074074076
4 0.5802083333333333 0.4375 0.008333333333333333 0.03425925925925926
4 0.13697916666666668 0.4013888888888889 0.007291666666666667 0.026851851851851852
3 0.8333333333333334 0.449537037037037 0.026302083333333334 0.021296296296296296
3 0.7486979166666666 0.45 0.016145833333333335 0.019444444444444445