1 0.70859375 0.799074074074074 0.0265625 0.0962962962962963
0 0.29713541666666665 0.37453703703703706 0.0046875 0.008333333333333333
3 0.45208333333333334 0.38981481481481484 0.01875 0.05740740740740741
3 0.66875 0.6152777777777778 0.019791666666666666 0.08611111111111111
3 0.2635416666666667 0.41574074074074074 0.014583333333333334 0.06481481481481481
3 0.8145833333333333 0.4597222222222222 0.019791666666666666 0.06018518518518518
3 0.8104166666666667 0.3439814814814815 0.011458333333333333 0.05277777777777778
3 0.42213541666666665 0.3194444444444444 0.011979166666666667 0.05
3 0.6671875 0.3449074074074074 0.011458333333333333 0.05092592592592592
3 0.4390625 0.33425925925925926 0.020833333333333332 0.04814814814814815
3 0.34869791666666666 0.2675925925925926 0.011979166666666667 0.040740740740740744
3 0.8356770833333333 0.3560185185185185 0.0109375 0.05462962962962963
3 0.62890625 0.3541666666666667 0.013020833333333334 0.05648148148148148
3 0.6354166666666666 0.274537037037037 0.010416666666666666 0.04537037037037037
3 0.7372395833333333 0.29305555555555557 0.0109375 0.049074074074074076
3 0.49505208333333334 0.30092592592592593 0.009895833333333333 0.046296296296296294
3 0.42473958333333334 0.26851851851851855 0.008854166666666666 0.037037037037037035
4 0.61796875 0.3074074074074074 0.0109375 0.05
3 0.5036458333333333 0.2726851851851852 0.008333333333333333 0.04537037037037037
3 0.7205729166666667 0.26666666666666666 0.008854166666666666 0.046296296296296294
3 0.6841145833333333 0.2490740740740741 0.009895833333333333 0.03888888888888889
3 0.7020833333333333 0.24027777777777778 0.008333333333333333 0.03796296296296296
3 0.56640625 0.23703703703703705 0.008854166666666666 0.03518518518518519
4 0.37395833333333334 0.2351851851851852 0.007291666666666667 0.027777777777777776