4 0.9669270833333333 0.8791666666666667 0.030729166666666665 0.1287037037037037
0 0.546875 0.32083333333333336 0.010416666666666666 0.023148148148148147
3 0.23229166666666667 0.5337962962962963 0.017708333333333333 0.0824074074074074
3 0.7760416666666666 0.3074074074074074 0.016666666666666666 0.04814814814814815
3 0.8466145833333333 0.3365740740740741 0.011979166666666667 0.05648148148148148
3 0.7291666666666666 0.4634259259259259 0.013541666666666667 0.06944444444444445
3 0.20729166666666668 0.3726851851851852 0.016666666666666666 0.058333333333333334
3 0.7341145833333333 0.2796296296296296 0.013020833333333334 0.044444444444444446
3 0.5223958333333333 0.37824074074074077 0.0125 0.05462962962962963
3 0.36171875 0.40324074074074073 0.013020833333333334 0.06018518518518518
3 0.5890625 0.4027777777777778 0.013541666666666667 0.05740740740740741
3 0.68125 0.3537037037037037 0.0125 0.053703703703703705
3 0.46119791666666665 0.2953703703703704 0.0109375 0.04814814814814815
3 0.31588541666666664 0.3347222222222222 0.013020833333333334 0.05462962962962963
3 0.48489583333333336 0.3476851851851852 0.011458333333333333 0.05277777777777778
3 0.6044270833333333 0.3439814814814815 0.011979166666666667 0.05092592592592592
3 0.6 0.26990740740740743 0.013541666666666667 0.041666666666666664
3 0.27109375 0.3523148148148148 0.0171875 0.03981481481481482
3 0.39609375 0.2828703703703704 0.0109375 0.04722222222222222
3 0.2859375 0.3578703703703704 0.010416666666666666 0.05648148148148148
3 0.37057291666666664 0.33101851851851855 0.0109375 0.05277777777777778
4 0.6544270833333333 0.35555555555555557 0.008854166666666666 0.05740740740740741
3 0.5471354166666667 0.3388888888888889 0.011979166666666667 0.06296296296296296
3 0.5528645833333333 0.34444444444444444 0.011979166666666667 0.053703703703703705
4 0.47682291666666665 0.23333333333333334 0.0078125 0.02962962962962963