4 0.6473958333333333 0.7555555555555555 0.017708333333333333 0.08703703703703704
2 0.5942708333333333 0.8791666666666667 0.027083333333333334 0.0712962962962963
2 0.45234375 0.9087962962962963 0.028645833333333332 0.06388888888888888
2 0.53984375 0.9018518518518519 0.025520833333333333 0.06296296296296296
3 0.11744791666666667 0.6097222222222223 0.015104166666666667 0.0712962962962963
3 0.6549479166666666 0.42824074074074076 0.013020833333333334 0.049074074074074076
3 0.6096354166666667 0.5351851851851852 0.0140625 0.06666666666666667
3 0.7893229166666667 0.44675925925925924 0.011979166666666667 0.05462962962962963
3 0.34791666666666665 0.45787037037037037 0.014583333333333334 0.05648148148148148
3 0.23854166666666668 0.39537037037037037 0.011458333333333333 0.04814814814814815
3 0.18854166666666666 0.462037037037037 0.017708333333333333 0.05555555555555555
3 0.49713541666666666 0.37407407407407406 0.0109375 0.044444444444444446
3 0.4583333333333333 0.49074074074074076 0.0125 0.06111111111111111
3 0.3734375 0.399537037037037 0.013541666666666667 0.049074074074074076
3 0.21640625 0.3921296296296296 0.013020833333333334 0.049074074074074076
3 0.44088541666666664 0.5148148148148148 0.015104166666666667 0.06111111111111111
3 0.56015625 0.36712962962962964 0.0109375 0.041666666666666664
3 0.22161458333333334 0.44675925925925924 0.0140625 0.049074074074074076
4 0.40651041666666665 0.4152777777777778 0.011979166666666667 0.049074074074074076
3 0.98203125 0.36064814814814816 0.0140625 0.041666666666666664
3 0.6473958333333333 0.3347222222222222 0.008333333333333333 0.03981481481481482
3 0.28567708333333336 0.33287037037037037 0.009895833333333333 0.03796296296296296
3 0.4630208333333333 0.3449074074074074 0.010416666666666666 0.03611111111111111
3 0.2513020833333333 0.3523148148148148 0.0109375 0.03981481481481482
3 0.5075520833333333 0.2972222222222222 0.0078125 0.03148148148148148
3 0.2557291666666667 0.3398148148148148 0.009375 0.03333333333333333