3 0.5104166666666666 0.5717592592592593 0.014583333333333334 0.08055555555555556
3 0.1890625 0.42777777777777776 0.013541666666666667 0.05925925925925926
3 0.8473958333333333 0.43703703703703706 0.0125 0.06111111111111111
3 0.44114583333333335 0.3875 0.011458333333333333 0.05092592592592592
3 0.6791666666666667 0.3787037037037037 0.010416666666666666 0.05
4 0.6375 0.34814814814814815 0.014583333333333334 0.046296296296296294
3 0.8729166666666667 0.38842592592592595 0.016666666666666666 0.049074074074074076
3 0.2825520833333333 0.35648148148148145 0.008854166666666666 0.05185185185185185
3 0.325 0.29583333333333334 0.009375 0.03981481481481482
3 0.42734375 0.29953703703703705 0.009895833333333333 0.03981481481481482
3 0.7401041666666667 0.28935185185185186 0.008333333333333333 0.03981481481481482
3 0.7059895833333333 0.33564814814814814 0.0109375 0.049074074074074076
3 0.8692708333333333 0.35555555555555557 0.013541666666666667 0.05
3 0.7151041666666667 0.3212962962962963 0.011458333333333333 0.044444444444444446
3 0.0984375 0.36435185185185187 0.010416666666666666 0.04351851851851852
3 0.8138020833333334 0.30787037037037035 0.013020833333333334 0.04351851851851852
3 0.5770833333333333 0.2828703703703704 0.009375 0.030555555555555555
3 0.4473958333333333 0.33425925925925926 0.010416666666666666 0.04814814814814815
3 0.5440104166666667 0.30277777777777776 0.0109375 0.04259259259259259
3 0.5341145833333333 0.30694444444444446 0.011979166666666667 0.03981481481481482
3 0.55390625 0.2759259259259259 0.009895833333333333 0.037037037037037035
4 0.42135416666666664 0.26435185185185184 0.009375 0.030555555555555555
3 0.76640625 0.29907407407407405 0.011979166666666667 0.03888888888888889
2 0.22578125 0.2550925925925926 0.0109375 0.03425925925925926