2 0.7361979166666667 0.9421296296296297 0.0984375 0.11203703703703703
3 0.32369791666666664 0.4736111111111111 0.022395833333333334 0.06388888888888888
3 0.7213541666666666 0.6310185185185185 0.025 0.08611111111111111
3 0.5338541666666666 0.39490740740740743 0.017708333333333333 0.05462962962962963
3 0.36380208333333336 0.37916666666666665 0.011979166666666667 0.05462962962962963
3 0.8059895833333334 0.45231481481481484 0.011979166666666667 0.06388888888888888
3 0.61875 0.3597222222222222 0.015625 0.049074074074074076
3 0.3234375 0.3439814814814815 0.0125 0.04722222222222222
3 0.47239583333333335 0.29583333333333334 0.0125 0.03425925925925926
3 0.6645833333333333 0.3143518518518518 0.010416666666666666 0.04537037037037037
3 0.2989583333333333 0.2972222222222222 0.009375 0.04814814814814815
3 0.5690104166666666 0.3662037037037037 0.0140625 0.05277777777777778
3 0.75703125 0.3680555555555556 0.011979166666666667 0.05277777777777778
1 0.7669270833333334 0.8226851851851852 0.018229166666666668 0.0824074074074074
3 0.5565104166666667 0.30462962962962964 0.008854166666666666 0.04259259259259259
3 0.7471354166666667 0.36064814814814816 0.009895833333333333 0.05092592592592592
3 0.4328125 0.31851851851851853 0.0125 0.04259259259259259
3 0.6091145833333333 0.27685185185185185 0.011979166666666667 0.037037037037037035
3 0.59375 0.28194444444444444 0.009375 0.03425925925925926
3 0.421875 0.3175925925925926 0.010416666666666666 0.044444444444444446
3 0.5703125 0.3087962962962963 0.010416666666666666 0.04351851851851852
4 0.5778645833333333 0.33425925925925926 0.0109375 0.046296296296296294
3 0.41302083333333334 0.29212962962962963 0.009375 0.03796296296296296
4 0.9703125 0.24861111111111112 0.013541666666666667 0.03611111111111111