2 0.7669270833333334 0.9416666666666667 0.08385416666666666 0.11296296296296296
2 0.72578125 0.9643518518518519 0.030729166666666665 0.06574074074074074
0 0.28489583333333335 0.32175925925925924 0.004166666666666667 0.008333333333333333
3 0.6494791666666667 0.6231481481481481 0.028125 0.08703703703703704
3 0.23229166666666667 0.4740740740740741 0.017708333333333333 0.06481481481481481
3 0.4830729166666667 0.3990740740740741 0.015104166666666667 0.04814814814814815
3 0.7536458333333333 0.45555555555555555 0.014583333333333334 0.06296296296296296
3 0.73828125 0.3731481481481482 0.015104166666666667 0.053703703703703705
3 0.36484375 0.36203703703703705 0.013020833333333334 0.05185185185185185
3 0.7015625 0.3592592592592593 0.011458333333333333 0.053703703703703705
3 0.2950520833333333 0.29444444444444445 0.013020833333333334 0.05185185185185185
3 0.3203125 0.34305555555555556 0.011458333333333333 0.049074074074074076
3 0.6471354166666666 0.31574074074074077 0.008854166666666666 0.04814814814814815
3 0.5786458333333333 0.30092592592592593 0.014583333333333334 0.03888888888888889
3 0.384375 0.2962962962962963 0.0125 0.037037037037037035
3 0.5458333333333333 0.37037037037037035 0.014583333333333334 0.053703703703703705
3 0.5971354166666667 0.2740740740740741 0.008854166666666666 0.037037037037037035
3 0.40677083333333336 0.3162037037037037 0.009375 0.05277777777777778
3 0.5841145833333333 0.36018518518518516 0.008854166666666666 0.05185185185185185
3 0.53984375 0.3060185185185185 0.009895833333333333 0.04351851851851852
3 0.43463541666666666 0.2814814814814815 0.009895833333333333 0.03518518518518519
3 0.5856770833333333 0.2796296296296296 0.008854166666666666 0.037037037037037035
4 0.9875 0.2462962962962963 0.010416666666666666 0.03518518518518519
4 0.5466145833333333 0.33101851851851855 0.009895833333333333 0.03611111111111111
1 0.6848958333333334 0.8287037037037037 0.021875 0.08333333333333333
3 0.4088541666666667 0.31157407407407406 0.008854166666666666 0.04722222222222222