3 0.6317708333333333 0.362962962962963 0.022916666666666665 0.06851851851851852
3 0.7765625 0.35 0.025 0.06481481481481481
3 0.6807291666666667 0.3037037037037037 0.017708333333333333 0.05740740740740741
3 0.8127604166666667 0.3597222222222222 0.022395833333333334 0.06388888888888888
3 0.37838541666666664 0.4685185185185185 0.0203125 0.07962962962962963
3 0.6971354166666667 0.4634259259259259 0.015104166666666667 0.0787037037037037
3 0.4036458333333333 0.36435185185185187 0.017708333333333333 0.062037037037037036
3 0.24557291666666667 0.4393518518518518 0.019270833333333334 0.07314814814814814
3 0.51015625 0.33564814814814814 0.019270833333333334 0.062037037037037036
3 0.32109375 0.3787037037037037 0.0171875 0.07407407407407407
4 0.646875 0.41435185185185186 0.01875 0.075
3 0.5255208333333333 0.3972222222222222 0.017708333333333333 0.06851851851851852
3 0.28828125 0.39537037037037037 0.0140625 0.07407407407407407
3 0.3768229166666667 0.3638888888888889 0.018229166666666668 0.06851851851851852
3 0.4549479166666667 0.3587962962962963 0.018229166666666668 0.06759259259259259
3 0.4703125 0.3453703703703704 0.016666666666666666 0.07037037037037037
3 0.5127604166666667 0.4023148148148148 0.011979166666666667 0.0787037037037037
3 0.49114583333333334 0.35324074074074074 0.015625 0.058333333333333334
3 0.5440104166666667 0.3888888888888889 0.013020833333333334 0.07222222222222222
3 0.26796875 0.38657407407407407 0.0171875 0.07314814814814814
4 0.6010416666666667 0.24953703703703703 0.010416666666666666 0.05277777777777778
3 0.25703125 0.3837962962962963 0.0171875 0.06944444444444445
3 0.5471354166666667 0.3638888888888889 0.0140625 0.06111111111111111