3 0.49713541666666666 0.5689814814814815 0.0265625 0.07685185185185185
3 0.8622395833333333 0.43333333333333335 0.024479166666666666 0.05185185185185185
3 0.8776041666666666 0.35509259259259257 0.01875 0.04351851851851852
3 0.17942708333333332 0.4356481481481482 0.021354166666666667 0.058333333333333334
3 0.8166666666666667 0.3106481481481482 0.016666666666666666 0.03796296296296296
3 0.7572916666666667 0.29953703703703705 0.015625 0.03981481481481482
3 0.7166666666666667 0.29305555555555557 0.014583333333333334 0.03796296296296296
3 0.08020833333333334 0.3675925925925926 0.017708333333333333 0.04259259259259259
3 0.44036458333333334 0.3814814814814815 0.015104166666666667 0.046296296296296294
3 0.8971354166666666 0.38101851851851853 0.019270833333333334 0.04537037037037037
3 0.2755208333333333 0.36203703703703705 0.016666666666666666 0.053703703703703705
3 0.32005208333333335 0.29583333333333334 0.009895833333333333 0.032407407407407406
3 0.6875 0.33194444444444443 0.01875 0.041666666666666664
3 0.5721354166666667 0.30324074074074076 0.0109375 0.041666666666666664
3 0.6723958333333333 0.3736111111111111 0.014583333333333334 0.05092592592592592
3 0.43385416666666665 0.33287037037037037 0.0125 0.04537037037037037
3 0.42604166666666665 0.29768518518518516 0.009375 0.03611111111111111
3 0.6841145833333333 0.31851851851851853 0.0109375 0.04259259259259259
4 0.39140625 0.2675925925925926 0.008854166666666666 0.025925925925925925
4 0.6661458333333333 0.34305555555555556 0.01875 0.03611111111111111
3 0.5377604166666666 0.3023148148148148 0.0140625 0.04351851851851852
3 0.54375 0.27870370370370373 0.011458333333333333 0.03518518518518519
3 0.721875 0.29444444444444445 0.009114583333333334 0.03564814814814815