4 0.9169270833333333 0.8458333333333333 0.030729166666666665 0.11018518518518519
3 0.73125 0.4810185185185185 0.014583333333333334 0.06759259259259259
3 0.24114583333333334 0.5708333333333333 0.015625 0.0824074074074074
3 0.6145833333333334 0.42685185185185187 0.014583333333333334 0.05555555555555555
3 0.7317708333333334 0.29305555555555557 0.015625 0.03981481481481482
3 0.5395833333333333 0.4050925925925926 0.015625 0.05648148148148148
3 0.3541666666666667 0.42268518518518516 0.0125 0.058333333333333334
3 0.8341145833333333 0.3439814814814815 0.011979166666666667 0.05277777777777778
3 0.20416666666666666 0.3861111111111111 0.016666666666666666 0.05555555555555555
3 0.65234375 0.3578703703703704 0.0171875 0.049074074074074076
3 0.253125 0.3537037037037037 0.011458333333333333 0.05185185185185185
3 0.4825520833333333 0.337037037037037 0.0109375 0.046296296296296294
3 0.76953125 0.3175925925925926 0.009895833333333333 0.046296296296296294
3 0.5190104166666667 0.31851851851851853 0.0109375 0.03888888888888889
3 0.44921875 0.3050925925925926 0.011979166666666667 0.04537037037037037
3 0.6888020833333334 0.3731481481481482 0.0109375 0.053703703703703705
3 0.31640625 0.3458333333333333 0.013020833333333334 0.05092592592592592
3 0.5729166666666666 0.35462962962962963 0.014583333333333334 0.05185185185185185
3 0.28958333333333336 0.36666666666666664 0.0125 0.05
3 0.37473958333333335 0.34120370370370373 0.0109375 0.05092592592592592
3 0.38177083333333334 0.29259259259259257 0.010416666666666666 0.04259259259259259
3 0.6135416666666667 0.28055555555555556 0.008333333333333333 0.03888888888888889
4 0.6325520833333333 0.36203703703703705 0.011979166666666667 0.053703703703703705
4 0.45286458333333335 0.24953703703703703 0.0067708333333333336 0.028703703703703703