4 0.9169270833333333 0.6805555555555556 0.019270833333333334 0.07777777777777778
2 0.7317708333333334 0.9 0.1 0.1962962962962963
2 0.46588541666666666 0.8800925925925925 0.025520833333333333 0.05648148148148148
0 0.5825520833333333 0.45092592592592595 0.0046875 0.007407407407407408
3 0.1765625 0.5907407407407408 0.013541666666666667 0.06851851851851852
3 0.19895833333333332 0.6231481481481481 0.016666666666666666 0.06666666666666667
3 0.5934895833333333 0.5263888888888889 0.018229166666666668 0.05092592592592592
3 0.5395833333333333 0.5273148148148148 0.013541666666666667 0.05462962962962963
3 0.5453125 0.4583333333333333 0.011458333333333333 0.04814814814814815
4 0.35234375 0.4675925925925926 0.013020833333333334 0.046296296296296294
3 0.28854166666666664 0.49953703703703706 0.011458333333333333 0.05092592592592592
3 0.44947916666666665 0.4148148148148148 0.010416666666666666 0.04259259259259259
3 0.2559895833333333 0.3861111111111111 0.0140625 0.03888888888888889
3 0.15442708333333333 0.4615740740740741 0.013020833333333334 0.05092592592592592
3 0.71640625 0.4597222222222222 0.0109375 0.049074074074074076
3 0.6278645833333333 0.3824074074074074 0.0109375 0.037037037037037035
3 0.6791666666666667 0.45046296296296295 0.009375 0.04722222222222222
3 0.4078125 0.41944444444444445 0.008333333333333333 0.044444444444444446
1 0.6028645833333334 0.7430555555555556 0.0171875 0.06574074074074074
3 0.32005208333333335 0.4615740740740741 0.009895833333333333 0.05092592592592592
3 0.45651041666666664 0.34814814814814815 0.008854166666666666 0.03148148148148148
3 0.8963541666666667 0.39537037037037037 0.009375 0.03888888888888889
3 0.20859375 0.4388888888888889 0.011979166666666667 0.04814814814814815
3 0.23151041666666666 0.3861111111111111 0.0109375 0.03148148148148148
3 0.32473958333333336 0.5449074074074074 0.015104166666666667 0.05092592592592592
3 0.33515625 0.5365740740740741 0.009895833333333333 0.062037037037037036
3 0.21145833333333333 0.4097222222222222 0.010416666666666666 0.030555555555555555
4 0.2359375 0.3337962962962963 0.007291666666666667 0.03425925925925926