1 0.6015625 0.8009259259259259 0.017708333333333333 0.09074074074074075
3 0.46822916666666664 0.5689814814814815 0.01875 0.06018518518518518
3 0.45078125 0.4148148148148148 0.0109375 0.040740740740740744
3 0.38723958333333336 0.5546296296296296 0.0171875 0.053703703703703705
3 0.1640625 0.4537037037037037 0.014583333333333334 0.044444444444444446
3 0.18854166666666666 0.49722222222222223 0.0125 0.05185185185185185
3 0.23958333333333334 0.5625 0.010416666666666666 0.06018518518518518
3 0.31223958333333335 0.44212962962962965 0.008854166666666666 0.041666666666666664
3 0.20755208333333333 0.4532407407407407 0.0109375 0.04351851851851852
3 0.6533854166666667 0.4875 0.009895833333333333 0.049074074074074076
3 0.37395833333333334 0.4925925925925926 0.014583333333333334 0.05185185185185185
3 0.7127604166666667 0.45231481481481484 0.008854166666666666 0.04351851851851852
3 0.7880208333333333 0.47638888888888886 0.010416666666666666 0.04537037037037037
3 0.5734375 0.3925925925925926 0.009375 0.03518518518518519
3 0.3796875 0.45694444444444443 0.009375 0.04537037037037037
3 0.74453125 0.45787037037037037 0.008854166666666666 0.04537037037037037
3 0.26119791666666664 0.4236111111111111 0.0078125 0.03796296296296296
3 0.75390625 0.4115740740740741 0.011979166666666667 0.032407407407407406
3 0.5869791666666667 0.4305555555555556 0.009375 0.05740740740740741
3 0.6010416666666667 0.45185185185185184 0.008333333333333333 0.044444444444444446
3 0.8578125 0.43842592592592594 0.0125 0.03611111111111111
4 0.15546875 0.40370370370370373 0.0078125 0.025925925925925925
3 0.8565104166666667 0.44722222222222224 0.009895833333333333 0.018518518518518517
4 0.696875 0.34814814814814815 0.008333333333333333 0.025925925925925925