4 0.8838541666666667 0.850925925925926 0.026041666666666668 0.09814814814814815
3 0.50859375 0.7513888888888889 0.0296875 0.08981481481481482
3 0.80703125 0.4671296296296296 0.015104166666666667 0.05277777777777778
3 0.17213541666666668 0.49537037037037035 0.021354166666666667 0.05555555555555555
3 0.37916666666666665 0.4583333333333333 0.0125 0.05555555555555555
3 0.6471354166666666 0.38842592592592595 0.013020833333333334 0.04351851851851852
3 0.6822916666666666 0.5634259259259259 0.014583333333333334 0.06574074074074074
3 0.31484375 0.41759259259259257 0.0203125 0.04259259259259259
3 0.74609375 0.47175925925925927 0.0140625 0.05277777777777778
3 0.17786458333333333 0.40555555555555556 0.018229166666666668 0.03888888888888889
3 0.3234375 0.48842592592592593 0.010416666666666666 0.05462962962962963
3 0.52734375 0.3912037037037037 0.015104166666666667 0.041666666666666664
3 0.44921875 0.36712962962962964 0.011979166666666667 0.032407407407407406
3 0.6440104166666667 0.4791666666666667 0.008854166666666666 0.05648148148148148
3 0.7075520833333333 0.36157407407407405 0.0109375 0.03611111111111111
3 0.7541666666666667 0.387037037037037 0.011458333333333333 0.044444444444444446
3 0.74453125 0.4027777777777778 0.009895833333333333 0.046296296296296294
3 0.65390625 0.47129629629629627 0.008854166666666666 0.05185185185185185
3 0.41380208333333335 0.3509259259259259 0.0109375 0.037037037037037035
3 0.725 0.3560185185185185 0.009375 0.03611111111111111
4 0.17161458333333332 0.32685185185185184 0.0078125 0.02962962962962963
4 0.5052083333333334 0.425 0.010416666666666666 0.044444444444444446
3 0.5143229166666666 0.4009259259259259 0.008854166666666666 0.03518518518518519
1 0.8981770833333333 0.8759259259259259 0.02109375 0.08101851851851852