4 0.8677083333333333 0.8467592592592592 0.026041666666666668 0.11574074074074074
3 0.5864583333333333 0.40370370370370373 0.015625 0.05555555555555555
3 0.7171875 0.475 0.016666666666666666 0.06851851851851852
3 0.7309895833333333 0.4310185185185185 0.0171875 0.058333333333333334
3 0.32135416666666666 0.4356481481481482 0.016666666666666666 0.05648148148148148
3 0.06927083333333334 0.37175925925925923 0.014583333333333334 0.05277777777777778
3 0.1203125 0.42083333333333334 0.013541666666666667 0.058333333333333334
3 0.6309895833333333 0.35555555555555557 0.016145833333333335 0.053703703703703705
3 0.28203125 0.35 0.011979166666666667 0.046296296296296294
3 0.6583333333333333 0.287962962962963 0.010416666666666666 0.03888888888888889
3 0.771875 0.3287037037037037 0.011458333333333333 0.04814814814814815
3 0.65234375 0.35138888888888886 0.0109375 0.05462962962962963
3 0.78125 0.37175925925925923 0.011458333333333333 0.05462962962962963
3 0.46848958333333335 0.30833333333333335 0.008854166666666666 0.044444444444444446
3 0.7260416666666667 0.31203703703703706 0.009375 0.04259259259259259
4 0.55234375 0.3578703703703704 0.009895833333333333 0.05277777777777778
3 0.3458333333333333 0.3388888888888889 0.008333333333333333 0.05
3 0.31666666666666665 0.30972222222222223 0.011458333333333333 0.04351851851851852
3 0.52890625 0.27037037037037037 0.0067708333333333336 0.03888888888888889
3 0.42630208333333336 0.33564814814814814 0.013020833333333334 0.04537037037037037
3 0.3177083333333333 0.6032407407407407 0.01875 0.10462962962962963
3 0.23385416666666667 0.3527777777777778 0.010416666666666666 0.05
4 0.3692708333333333 0.2574074074074074 0.007291666666666667 0.03148148148148148
3 0.4244791666666667 0.31666666666666665 0.009375 0.044444444444444446
4 0.215625 0.25092592592592594 0.008333333333333333 0.03518518518518519