3 0.378125 0.4634259259259259 0.017708333333333333 0.08055555555555556
3 0.6158854166666666 0.3523148148148148 0.0140625 0.06759259259259259
3 0.2734375 0.42592592592592593 0.01875 0.07777777777777778
3 0.6453125 0.2949074074074074 0.013541666666666667 0.05462962962962963
3 0.22942708333333334 0.3814814814814815 0.0265625 0.05740740740740741
3 0.7697916666666667 0.35185185185185186 0.016666666666666666 0.06851851851851852
3 0.6890625 0.4476851851851852 0.013541666666666667 0.08055555555555556
3 0.5481770833333334 0.38055555555555554 0.015104166666666667 0.06481481481481481
3 0.3536458333333333 0.3819444444444444 0.029166666666666667 0.06574074074074074
4 0.6619791666666667 0.4009259259259259 0.011458333333333333 0.08148148148148149
3 0.753125 0.3490740740740741 0.014583333333333334 0.06666666666666667
3 0.49270833333333336 0.33055555555555555 0.015625 0.06666666666666667
3 0.5625 0.3574074074074074 0.015625 0.06851851851851852
3 0.3138020833333333 0.3902777777777778 0.0203125 0.075
3 0.44375 0.35509259259259257 0.015625 0.0712962962962963
3 0.5161458333333333 0.3972222222222222 0.014583333333333334 0.07037037037037037
3 0.3776041666666667 0.3625 0.016666666666666666 0.0712962962962963
3 0.39375 0.3574074074074074 0.015625 0.06481481481481481
3 0.45598958333333334 0.34629629629629627 0.015104166666666667 0.07037037037037037
3 0.5046875 0.38842592592592595 0.017708333333333333 0.06388888888888888
3 0.47552083333333334 0.34629629629629627 0.015625 0.06481481481481481
4 0.6041666666666666 0.25277777777777777 0.010416666666666666 0.05185185185185185
4 0.45390625 0.23842592592592593 0.009895833333333333 0.049074074074074076
3 0.31979166666666664 0.3888888888888889 0.014583333333333334 0.06851851851851852