2 0.59140625 0.9458333333333333 0.058854166666666666 0.10462962962962963
2 0.8002604166666667 0.9106481481481481 0.027604166666666666 0.0712962962962963
2 0.84296875 0.9009259259259259 0.025520833333333333 0.07222222222222222
2 0.7125 0.9634259259259259 0.06354166666666666 0.06944444444444445
2 0.81796875 0.9601851851851851 0.027604166666666666 0.07407407407407407
0 0.26927083333333335 0.3347222222222222 0.004166666666666667 0.006481481481481481
3 0.6442708333333333 0.6532407407407408 0.015625 0.08981481481481482
3 0.19010416666666666 0.4930555555555556 0.0125 0.06388888888888888
3 0.67578125 0.4527777777777778 0.015104166666666667 0.05925925925925926
3 0.18177083333333333 0.425 0.017708333333333333 0.05925925925925926
3 0.20677083333333332 0.37453703703703706 0.0125 0.049074074074074076
3 0.328125 0.3425925925925926 0.014583333333333334 0.040740740740740744
3 0.15520833333333334 0.33425925925925926 0.014583333333333334 0.04814814814814815
3 0.3924479166666667 0.31805555555555554 0.0140625 0.03796296296296296
3 0.49114583333333334 0.37407407407407406 0.009375 0.04814814814814815
3 0.42994791666666665 0.4101851851851852 0.0109375 0.053703703703703705
3 0.6122395833333333 0.375 0.011979166666666667 0.05
3 0.5403645833333334 0.32592592592592595 0.008854166666666666 0.040740740740740744
3 0.8778645833333333 0.35833333333333334 0.0109375 0.05
3 0.47291666666666665 0.33101851851851855 0.009375 0.041666666666666664
3 0.2908854166666667 0.3453703703703704 0.0140625 0.044444444444444446
3 0.4197916666666667 0.32037037037037036 0.009375 0.037037037037037035
3 0.6223958333333334 0.36898148148148147 0.010416666666666666 0.04537037037037037
3 0.2796875 0.3199074074074074 0.009375 0.03611111111111111
3 0.43854166666666666 0.38842592592592595 0.010416666666666666 0.05277777777777778
3 0.43854166666666666 0.2967592592592593 0.011458333333333333 0.03611111111111111
4 0.44192708333333336 0.3490740740740741 0.0078125 0.044444444444444446
3 0.4635416666666667 0.3013888888888889 0.009375 0.03425925925925926
4 0.9309895833333334 0.3236111111111111 0.009895833333333333 0.04351851851851852
4 0.9580729166666667 0.3375 0.0109375 0.03981481481481482
4 0.7859375 0.2638888888888889 0.010416666666666666 0.03333333333333333
1 0.6940104166666666 0.8101851851851852 0.015104166666666667 0.07777777777777778