1 0.784375 0.7842592592592592 0.020833333333333332 0.07592592592592592
2 0.5453125 0.9388888888888889 0.03229166666666667 0.1
2 0.6807291666666667 0.9138888888888889 0.026041666666666668 0.07777777777777778
2 0.5880208333333333 0.913425925925926 0.0125 0.04351851851851852
3 0.6317708333333333 0.513425925925926 0.013541666666666667 0.06018518518518518
3 0.21276041666666667 0.44074074074074077 0.015104166666666667 0.046296296296296294
3 0.30026041666666664 0.46574074074074073 0.0171875 0.053703703703703705
3 0.19583333333333333 0.4740740740740741 0.011458333333333333 0.053703703703703705
3 0.9833333333333333 0.39351851851851855 0.016666666666666666 0.040740740740740744
3 0.33541666666666664 0.6365740740740741 0.015625 0.075
3 0.4510416666666667 0.4273148148148148 0.010416666666666666 0.04722222222222222
3 0.5096354166666667 0.34120370370370373 0.009895833333333333 0.03981481481481482
3 0.50859375 0.42407407407407405 0.009895833333333333 0.04259259259259259
3 0.6966145833333334 0.4009259259259259 0.009895833333333333 0.040740740740740744
3 0.33541666666666664 0.3597222222222222 0.008333333333333333 0.03425925925925926
3 0.43776041666666665 0.3814814814814815 0.009895833333333333 0.037037037037037035
3 0.55625 0.3685185185185185 0.011458333333333333 0.037037037037037035
3 0.6859375 0.3523148148148148 0.013541666666666667 0.04722222222222222
4 0.53125 0.40925925925925927 0.011458333333333333 0.04259259259259259
3 0.4708333333333333 0.3819444444444444 0.008333333333333333 0.03425925925925926
3 0.3625 0.3592592592592593 0.007291666666666667 0.03148148148148148
3 0.29583333333333334 0.41898148148148145 0.011458333333333333 0.04722222222222222
3 0.6283854166666667 0.3578703703703704 0.009895833333333333 0.03981481481481482
3 0.6143229166666667 0.36435185185185187 0.0109375 0.03611111111111111
3 0.5872395833333334 0.4 0.011979166666666667 0.040740740740740744
4 0.28932291666666665 0.33194444444444443 0.011979166666666667 0.027314814814814816
3 0.6833333333333333 0.3453703703703704 0.008333333333333333 0.03518518518518519