4 0.9890625 0.8462962962962963 0.020833333333333332 0.08148148148148149
3 0.40208333333333335 0.5532407407407407 0.027083333333333334 0.075
3 0.07109375 0.45416666666666666 0.016145833333333335 0.058333333333333334
3 0.7848958333333333 0.41203703703703703 0.028125 0.05185185185185185
3 0.78046875 0.35185185185185186 0.019270833333333334 0.046296296296296294
3 0.54921875 0.37962962962962965 0.016145833333333335 0.05
3 0.15833333333333333 0.3731481481481482 0.0125 0.05185185185185185
3 0.321875 0.3962962962962963 0.014583333333333334 0.05
3 0.696875 0.31296296296296294 0.016666666666666666 0.040740740740740744
3 0.54453125 0.32037037037037036 0.011979166666666667 0.03888888888888889
3 0.8013020833333333 0.3638888888888889 0.016145833333333335 0.04814814814814815
3 0.4557291666666667 0.3111111111111111 0.013541666666666667 0.040740740740740744
3 0.190625 0.30925925925925923 0.0125 0.04259259259259259
3 0.30625 0.3476851851851852 0.010416666666666666 0.04351851851851852
3 0.29401041666666666 0.3101851851851852 0.011979166666666667 0.040740740740740744
4 0.5752604166666667 0.35138888888888886 0.0203125 0.04722222222222222
3 0.40546875 0.3106481481481482 0.0109375 0.03796296296296296
3 0.5864583333333333 0.29768518518518516 0.011458333333333333 0.03981481481481482
3 0.6348958333333333 0.3106481481481482 0.010416666666666666 0.032407407407407406
3 0.4166666666666667 0.2791666666666667 0.011458333333333333 0.03611111111111111
3 0.5682291666666667 0.33425925925925926 0.016666666666666666 0.04259259259259259
3 0.4002604166666667 0.2912037037037037 0.0109375 0.03611111111111111
3 0.24453125 0.2810185185185185 0.0078125 0.026851851851851852
1 0.86328125 0.8532407407407407 0.0265625 0.08611111111111111