1 0.7330729166666666 0.9490740740740741 0.027604166666666666 0.09814814814814815
3 0.8184895833333333 0.30787037037037035 0.016145833333333335 0.06388888888888888
3 0.6919270833333333 0.4203703703703704 0.0171875 0.07777777777777778
3 0.3763020833333333 0.40879629629629627 0.0265625 0.07314814814814814
3 0.6731770833333334 0.2625 0.015104166666666667 0.05277777777777778
3 0.23697916666666666 0.3439814814814815 0.017708333333333333 0.06574074074074074
3 0.6221354166666667 0.3194444444444444 0.019270833333333334 0.06481481481481481
3 0.7479166666666667 0.29259259259259257 0.016666666666666666 0.05555555555555555
3 0.2171875 0.42407407407407405 0.014583333333333334 0.07037037037037037
3 0.4875 0.32314814814814813 0.016666666666666666 0.06481481481481481
3 0.20130208333333333 0.35 0.016145833333333335 0.06851851851851852
3 0.5161458333333333 0.2689814814814815 0.014583333333333334 0.05648148148148148
3 0.5106770833333333 0.3578703703703704 0.016145833333333335 0.06388888888888888
3 0.33203125 0.31296296296296294 0.013020833333333334 0.06111111111111111
3 0.4036458333333333 0.36157407407407405 0.013541666666666667 0.062037037037037036
3 0.27890625 0.32407407407407407 0.018229166666666668 0.06481481481481481
3 0.29140625 0.3398148148148148 0.015104166666666667 0.06481481481481481
3 0.4669270833333333 0.35185185185185186 0.021354166666666667 0.06111111111111111
4 0.63359375 0.3541666666666667 0.013020833333333334 0.06759259259259259
3 0.4036458333333333 0.29305555555555557 0.015625 0.06574074074074074
3 0.4231770833333333 0.3199074074074074 0.019270833333333334 0.062037037037037036
3 0.45651041666666664 0.3236111111111111 0.013020833333333334 0.06018518518518518
3 0.4158854166666667 0.3 0.0140625 0.05925925925925926
4 0.5080729166666667 0.2064814814814815 0.01015625 0.04398148148148148