4 0.51796875 0.4236111111111111 0.013020833333333334 0.03981481481481482
4 0.9067708333333333 0.8703703703703703 0.03958333333333333 0.09074074074074075
3 0.128125 0.4986111111111111 0.01875 0.05092592592592592
3 0.47265625 0.7583333333333333 0.025520833333333333 0.0962962962962963
3 0.70078125 0.5722222222222222 0.015104166666666667 0.06851851851851852
3 0.7619791666666667 0.48009259259259257 0.020833333333333332 0.05277777777777778
3 0.31796875 0.4930555555555556 0.015104166666666667 0.05462962962962963
3 0.26458333333333334 0.4300925925925926 0.014583333333333334 0.041666666666666664
3 0.7934895833333333 0.46805555555555556 0.0109375 0.05462962962962963
3 0.37265625 0.4615740740740741 0.013020833333333334 0.05648148148148148
3 0.6447916666666667 0.3902777777777778 0.010416666666666666 0.04537037037037037
3 0.17838541666666666 0.40370370370370373 0.013020833333333334 0.04259259259259259
1 0.9513020833333333 0.8916666666666667 0.024479166666666666 0.09444444444444444
3 0.45078125 0.36435185185185187 0.0109375 0.03611111111111111
3 0.5072916666666667 0.39537037037037037 0.010416666666666666 0.044444444444444446
3 0.6317708333333333 0.4837962962962963 0.010416666666666666 0.058333333333333334
3 0.40989583333333335 0.35462962962962963 0.011458333333333333 0.03518518518518519
3 0.7677083333333333 0.39861111111111114 0.0125 0.04537037037037037
3 0.6440104166666667 0.4703703703703704 0.0109375 0.053703703703703705
3 0.7458333333333333 0.38796296296296295 0.009375 0.044444444444444446
3 0.7359375 0.3578703703703704 0.009375 0.03796296296296296
3 0.7263020833333333 0.3587962962962963 0.011979166666666667 0.03425925925925926
3 0.7044270833333334 0.34444444444444444 0.0109375 0.037037037037037035
3 0.528125 0.40324074074074073 0.011458333333333333 0.03981481481481482
4 0.3809895833333333 0.3314814814814815 0.0067708333333333336 0.024074074074074074
4 0.16145833333333334 0.32407407407407407 0.008333333333333333 0.03148148148148148